Ablation Type: no_feature_proj
==================================================
Epoch Results:
    Epoch 1: Accuracy: 0.4000, Precision: 0.4132, Recall: 0.4000, F1: 0.3797, Cohen's Kappa: 0.3300, MCC: 0.3999
    Confusion Matrix:
     3973619, 506364,   7595, 243256,1511105,  10483,1373127, 445529, 102435,1760536
      197904,1984191, 926937, 526532,  45429,  33223,    678,1224047,  20777,    760
      324931,   2884, 744670,  43805,  15220,   1227,  56259,  45083, 624382,   3216
       27230, 173352,1536989,3167415, 409300,   5513,   7881, 691473,1692842, 206544
       51666, 106459,   1627, 302616,3990444,   1060,  31268,   9023,5476586,   5361
         493,  56807,  20707,  83815, 984746,3973574,2219484,    588,    670,2593052
         805,     60,   8989, 799746,     13,    584,1987403,2120169,  50115,    625
         102,   5462,1107986,    691,    276,    309,     32, 745434,   3148,    147
        5402,1237201,   2779, 293275,     94,3212484,     45,     46,3167646,    144
      225471,5468896,  33336,     34, 127343,  36980,  12739,    157,  80682,3990424
    Class 0
      Precision: 0.9974
      Recall: 0.9999
      F1: 0.9986
      AUC: 0.9987
      AP: 0.9972
      Confusion Matrix:
       3973619,  10483
          493, 3973574
    Class 1
      Precision: 0.9997
      Recall: 1.0000
      F1: 0.9998
      AUC: 0.9998
      AP: 0.9996
      Confusion Matrix:
       1984191,    678
           60, 1987403
    Class 2
      Precision: 0.9429
      Recall: 0.4019
      F1: 0.5636
      AUC: 0.9715
      AP: 0.3790
      Confusion Matrix:
       744670,  45083
       1107986, 745434
    Class 3
      Precision: 0.6517
      Recall: 0.9153
      F1: 0.7613
      AUC: 0.8259
      AP: 0.5965
      Confusion Matrix:
       3167415, 1692842
       293275, 3167646
    Class 4
      Precision: 0.9987
      Recall: 0.9691
      F1: 0.9836
      AUC: 0.9993
      AP: 0.9678
      Confusion Matrix:
       3990444,   5361
       127343, 3990424
    Epoch 2: Accuracy: 0.4058, Precision: 0.4656, Recall: 0.4058, F1: 0.3979, Cohen's Kappa: 0.3383, MCC: 0.3798
    Confusion Matrix:
     4031237, 452640,  49261, 381107,  11822, 204559,  13125,  55884,3555872,1178542
       19871,2012961,2225352,     17,   3287,   7787,    379, 546539,  64627,  79658
        1285,    172, 755468,     72, 132670, 290280,     14,   9915, 440318, 231483
      102926,3363342,  36159,3213343, 788176,  99923, 114941, 117288,  62807,  19634
      420988, 277407,4293174, 215978,4048305,   2567,   2174, 454757, 235736,  25024
          12,2720451,      5,    102,2700188,4031191, 470800,    213,   1406,   9568
         179,   2610,  85155,   2114,  28623,2814370,2016220,  16184,    637,   2417
      347797, 266111,    518,  88654,   2643,   6437,  28413, 756243,   3223, 363548
        8567,  76271, 275978,  20945,  56759,1442656,  23863,1645174,3213577,1155326
        3938,   2912,2592883, 235901,1181738,1365134,   2452, 503796,  39023,4048285
    Class 0
      Precision: 0.9517
      Recall: 1.0000
      F1: 0.9753
      AUC: 0.9759
      AP: 0.9517
      Confusion Matrix:
       4031237, 204559
           12, 4031191
    Class 1
      Precision: 0.9998
      Recall: 0.9987
      F1: 0.9993
      AUC: 0.9999
      AP: 0.9985
      Confusion Matrix:
       2012961,    379
         2610, 2016220
    Class 2
      Precision: 0.9870
      Recall: 0.9993
      F1: 0.9931
      AUC: 0.9935
      AP: 0.9864
      Confusion Matrix:
       755468,   9915
          518, 756243
    Class 3
      Precision: 0.9808
      Recall: 0.9935
      F1: 0.9871
      AUC: 0.9904
      AP: 0.9745
      Confusion Matrix:
       3213343,  62807
        20945, 3213577
    Class 4
      Precision: 0.9939
      Recall: 0.7740
      F1: 0.8703
      AUC: 0.9969
      AP: 0.7693
      Confusion Matrix:
       4048305,  25024
       1181738, 4048285
    Epoch 3: Accuracy: 0.4096, Precision: 0.4945, Recall: 0.4096, F1: 0.4148, Cohen's Kappa: 0.3384, MCC: 0.3829
    Confusion Matrix:
     4068986,    358,5626369,   1840,     14,   2466,  13199,    290,  53790, 166737
      444453,2031811, 632608, 370829,  24190,  52793,   5339, 474506,  48292, 875657
        7756,      1, 762542,  20517, 160167, 314364, 140463, 455241,    367,    259
       25956,   1239, 518024,3243433,   4076,1722245, 158611,   7028,1858902, 379025
       82150,  62552, 444072,  64254,4086214,4338010, 452451,  42950, 108474, 294983
         528,2102119,  11226,   7892,   9887,4068940,   5281,    379,3726608,   1076
      444653, 101851, 834643,   2650,   8827,   1093,2035101,  17192,1154743, 367756
       52264, 895725,     68,    278,  49703,   5055,    293, 763325,  16594,  80282
      848027,  33014, 100244,  32876, 539006,2293026, 643034, 148277,3243669,  37943
       14726, 145384,   4514,  76474,  11819, 337412,    177, 225793,5073569,4086194
    Class 0
      Precision: 0.9994
      Recall: 0.9999
      F1: 0.9996
      AUC: 0.9997
      AP: 0.9993
      Confusion Matrix:
       4068986,   2466
          528, 4068940
    Class 1
      Precision: 0.9974
      Recall: 0.9523
      F1: 0.9743
      AUC: 0.9987
      AP: 0.9498
      Confusion Matrix:
       2031811,   5339
       101851, 2035101
    Class 2
      Precision: 0.6262
      Recall: 0.9999
      F1: 0.7701
      AUC: 0.8132
      AP: 0.6261
      Confusion Matrix:
       762542, 455241
           68, 763325
    Class 3
      Precision: 0.6357
      Recall: 0.9900
      F1: 0.7742
      AUC: 0.8178
      AP: 0.6293
      Confusion Matrix:
       3243433, 1858902
        32876, 3243669
    Class 4
      Precision: 0.9327
      Recall: 0.9971
      F1: 0.9638
      AUC: 0.9663
      AP: 0.9300
      Confusion Matrix:
       4086214, 294983
        11819, 4086194
    Epoch 4: Accuracy: 0.4132, Precision: 0.4626, Recall: 0.4132, F1: 0.3993, Cohen's Kappa: 0.3484, MCC: 0.4173
    Confusion Matrix:
     4104749,4747908,  43180, 142959,  52908, 120314,  13954, 313337, 285636, 109104
       17853,2049669,2537677,     92,  16641,   1340, 284662,  52125,    321,     98
       73727,    219, 769244,    492, 235066,   4397,   4482,   1868, 751884,  20298
        1811,   7505, 287474,3271940, 127377, 262442,   8376,  31647,3919470,    497
       16347, 535615,   7937,1602337,4122128,2734360,  49424, 652140, 251235,   4587
      412023,1925338,   4130,  36963,  27328,4104702,2160024, 925682,  39212, 298534
      123835, 178246,2007562,  88545,    577, 407447,2052987,   1150, 104472,   3688
        1630, 328170,    140, 758712,     36,     10,   4777, 770034,     75,      3
        5930,1109804, 844156,  11131,   1946, 127237,2322343, 218097,3272178,   6294
     1563934,2779315,  10287,1379884,   5205,  53392,  13103,   2094,  46740,4122108
    Class 0
      Precision: 0.9715
      Recall: 0.9088
      F1: 0.9391
      AUC: 0.9858
      AP: 0.8829
      Confusion Matrix:
       4104749, 120314
       412023, 4104702
    Class 1
      Precision: 0.8781
      Recall: 0.9200
      F1: 0.8985
      AUC: 0.9391
      AP: 0.8078
      Confusion Matrix:
       2049669, 284662
       178246, 2052987
    Class 2
      Precision: 0.9976
      Recall: 0.9998
      F1: 0.9987
      AUC: 0.9988
      AP: 0.9974
      Confusion Matrix:
       769244,   1868
          140, 770034
    Class 3
      Precision: 0.4550
      Recall: 0.9966
      F1: 0.6247
      AUC: 0.7275
      AP: 0.4534
      Confusion Matrix:
       3271940, 3919470
        11131, 3272178
    Class 4
      Precision: 0.9989
      Recall: 0.9987
      F1: 0.9988
      AUC: 0.9994
      AP: 0.9976
      Confusion Matrix:
       4122128,   4587
         5205, 4122108
    Epoch 5: Accuracy: 0.4183, Precision: 0.4729, Recall: 0.4183, F1: 0.4093, Cohen's Kappa: 0.3476, MCC: 0.3948
    Confusion Matrix:
     4155412, 136494,  37397,3808734, 428448,   2780,1362794,    151,      3,   1836
       68359,2074967, 177311,  77329,1632039, 154372, 209409, 294845,  12337, 259510
        2803,   2000, 778739,   1374,  30828,  61012,   2653, 842510, 130681,   9077
      103287,  15444, 633197,3312324,   8558,   3031,  25716,2268981, 163200,1384801
     2998114,   4123,2736579,  11168,4173006,  43775,   7560,    291,    835,    659
       22344,   5048, 922229,  32199,1948732,4155365,  12529,1273139,   4827,1557524
       14907, 308946, 286418,1611651,  55703,   1076,2078327,  65122, 223272, 323087
      184620,   7504, 383422, 164018,   5201, 142553,  27089, 779538, 159629,  10013
         103, 502069,     36,   4740,  10491,     80,   2517,    307,3312566,4086207
      637788, 451025,  22740,2652595, 986983,    153,     22,1051763,      7,4172986
    Class 0
      Precision: 0.9993
      Recall: 0.9947
      F1: 0.9970
      AUC: 0.9997
      AP: 0.9940
      Confusion Matrix:
       4155412,   2780
        22344, 4155365
    Class 1
      Precision: 0.9083
      Recall: 0.8704
      F1: 0.8890
      AUC: 0.9542
      AP: 0.7906
      Confusion Matrix:
       2074967, 209409
       308946, 2078327
    Class 2
      Precision: 0.4803
      Recall: 0.6701
      F1: 0.5596
      AUC: 0.7403
      AP: 0.3219
      Confusion Matrix:
       778739, 842510
       383422, 779538
    Class 3
      Precision: 0.9530
      Recall: 0.9986
      F1: 0.9753
      AUC: 0.9765
      AP: 0.9517
      Confusion Matrix:
       3312324, 163200
         4740, 3312566
    Class 4
      Precision: 0.9998
      Recall: 0.8087
      F1: 0.8942
      AUC: 0.9999
      AP: 0.8086
      Confusion Matrix:
       4173006,    659
       986983, 4172986
    Epoch 6: Accuracy: 0.4208, Precision: 0.4387, Recall: 0.4208, F1: 0.4035, Cohen's Kappa: 0.3524, MCC: 0.4204
    Confusion Matrix:
     4180247,4303524,    736, 729258,    425,    203,   5103, 485524,  22337, 206692
      160339,2087369,  21012, 113004,  24048,  94625,  22065, 478126,1527615, 432275
          16,    327, 783393,     59,   5955,   1898, 951415, 118104,    333,    177
        1559,     16, 209420,3332121,  48265,    151,3873579,    651,   4977, 447800
       47814,  86218, 163998,  23337,4197947,  70002, 951423,3684622, 632454, 118295
           8,   4436,    426,   5329,     37,4180200,   4614,      5,5734808,   4073
       74508,   2224, 688756,  62035,2028196,     71,2090748,   1501,  20343,    127
      486009,  38441, 281677,   1766,  17250,  65020, 186353, 784197,   2141,    733
         418,  50219,  46658,1376063, 297792,    397,   1136,    352,3332364,2813717
      159438,  22665, 389508,4002087,   2341,1016090,  82178,   7854,  95975,4197926
    Class 0
      Precision: 1.0000
      Recall: 1.0000
      F1: 1.0000
      AUC: 1.0000
      AP: 0.9999
      Confusion Matrix:
       4180247,    203
            8, 4180200
    Class 1
      Precision: 0.9895
      Recall: 0.9989
      F1: 0.9942
      AUC: 0.9948
      AP: 0.9885
      Confusion Matrix:
       2087369,  22065
         2224, 2090748
    Class 2
      Precision: 0.8690
      Recall: 0.7355
      F1: 0.7967
      AUC: 0.9346
      AP: 0.6392
      Confusion Matrix:
       783393, 118104
       281677, 784197
    Class 3
      Precision: 0.9985
      Recall: 0.7077
      F1: 0.8283
      AUC: 0.9993
      AP: 0.7067
      Confusion Matrix:
       3332121,   4977
       1376063, 3332364
    Class 4
      Precision: 0.9726
      Recall: 0.9994
      F1: 0.9858
      AUC: 0.9863
      AP: 0.9721
      Confusion Matrix:
       4197947, 118295
         2341, 4197926
    Epoch 7: Accuracy: 0.4240, Precision: 0.4443, Recall: 0.4240, F1: 0.4088, Cohen's Kappa: 0.3559, MCC: 0.4131
    Confusion Matrix:
     4212036,  27745, 487168,2141436,2547871,   9157, 163616,    543, 299965,  44512
      447907,2103242,   2087,   8686,   3518, 708124, 362583, 126792,1197418,    121
       25008,  61540, 789351, 163493, 600286,  52754, 124708,   2423,  22164,  19950
        2423,  22017,1207402,3357460,   1554,    391, 175506,    178,    166,3151442
     1436241,  31614,   1448, 116987,4229870,1022896,    120,  29243,3096906,  10785
       41705, 279284,  29071,  20929,   4991,4211988, 153769,5170462,  21694,     43
        9028, 705588, 865452, 111206,  10217,   3221,2106647,1148524,   5131,   3495
     1041065,   1152,    394,   5330,  21926,     49,     19, 790160,      5,   3487
      374277,   2031,   8207,1982981,   2175,     19,     36,     43,3357705,2191642
       12300, 189779,3068059,  40190,   8442,1455778, 148983, 558433, 264248,4229850
    Class 0
      Precision: 0.9978
      Recall: 0.9902
      F1: 0.9940
      AUC: 0.9989
      AP: 0.9880
      Confusion Matrix:
       4212036,   9157
        41705, 4211988
    Class 1
      Precision: 0.8530
      Recall: 0.7488
      F1: 0.7975
      AUC: 0.9266
      AP: 0.6387
      Confusion Matrix:
       2103242, 362583
       705588, 2106647
    Class 2
      Precision: 0.9969
      Recall: 0.9995
      F1: 0.9982
      AUC: 0.9985
      AP: 0.9964
      Confusion Matrix:
       789351,   2423
          394, 790160
    Class 3
      Precision: 1.0000
      Recall: 0.6287
      F1: 0.7720
      AUC: 1.0000
      AP: 0.6287
      Confusion Matrix:
       3357460,    166
       1982981, 3357705
    Class 4
      Precision: 0.9975
      Recall: 0.9980
      F1: 0.9977
      AUC: 0.9987
      AP: 0.9955
      Confusion Matrix:
       4229870,  10785
         8442, 4229850
    Epoch 8: Accuracy: 0.4289, Precision: 0.4441, Recall: 0.4289, F1: 0.4191, Cohen's Kappa: 0.3579, MCC: 0.4150
    Confusion Matrix:
     4260713,  50226,  27419,1243765,1250672,1201315, 389886, 850187,  43676, 616190
        5081,2127549,    715, 133719, 519366,      9,  50511,   3052,2119621,    855
       16636,   1842, 798473, 280968,  85528, 625443,  11025,   1971,  29711,  10080
       48968, 636017, 307903,3396261,1838623,  45973,1251653,  13211,  51351, 328579
      696565, 104097, 668160, 282642,4278753, 281649, 178725, 101638,  71180,3312701
        1715,   7178, 583338,    586,   1641,4260665, 151667,4924958,   1525,    663
     2433583, 191489,    396,  17107,   1407, 169839,2130993,  12030,    375,  11290
      300782,    789,  31884,    246, 346441, 306820,  77319, 799292,      1,     13
      594181, 141261, 149834,   3347,1605387,  14452,  12291,1989437,3396508,  12418
     2190506, 245476, 175723,1720036,1042097,    246, 304410,  18500,    336,4278732
    Class 0
      Precision: 0.7801
      Recall: 0.9996
      F1: 0.8763
      AUC: 0.8900
      AP: 0.7797
      Confusion Matrix:
       4260713, 1201315
         1715, 4260665
    Class 1
      Precision: 0.9768
      Recall: 0.9174
      F1: 0.9462
      AUC: 0.9884
      AP: 0.8962
      Confusion Matrix:
       2127549,  50511
       191489, 2130993
    Class 2
      Precision: 0.9975
      Recall: 0.9616
      F1: 0.9792
      AUC: 0.9988
      AP: 0.9592
      Confusion Matrix:
       798473,   1971
        31884, 799292
    Class 3
      Precision: 0.9851
      Recall: 0.9990
      F1: 0.9920
      AUC: 0.9926
      AP: 0.9841
      Confusion Matrix:
       3396261,  51351
         3347, 3396508
    Class 4
      Precision: 0.5636
      Recall: 0.8041
      F1: 0.6627
      AUC: 0.7818
      AP: 0.4532
      Confusion Matrix:
       4278753, 3312701
       1042097, 4278732
    Epoch 9: Accuracy: 0.4342, Precision: 0.4470, Recall: 0.4342, F1: 0.4150, Cohen's Kappa: 0.3675, MCC: 0.4257
    Confusion Matrix:
     4313364, 284502,     34,2003475,  78950, 809759,2441394,    718,   1809,     44
        8616,2153839,  14911,   4864,  75948,1156415, 720359, 679496, 138397,   7633
         392, 548206, 808340, 149191,     12, 168964, 186486,     81,      2,      3
      485178,  25529,  14102,3438229, 735423,  13633, 292679, 244485, 123405,2545876
          32,   2050,4291496,  88898,4331626, 250144,     15,  44983, 966628,    238
     1727867,     53,    947,3799206,   1123,4313315,    871,     74,  90467,     13
      222741,  40767, 296727,   7780,1847148,  89067,2157326, 167912, 128016,  11025
      343343, 111374,    237,   9999, 346044,    142, 112024, 809169,  61949,  69306
       92283, 233147, 203619,  28860,1550275,  12638,   2598,2229825,3438480, 127391
      434949,  54355, 891835, 109164,   6736,   9927,3842552,  48058, 246880,4331606
    Class 0
      Precision: 0.8419
      Recall: 0.7140
      F1: 0.7727
      AUC: 0.9210
      AP: 0.6011
      Confusion Matrix:
       4313364, 809759
       1727867, 4313315
    Class 1
      Precision: 0.7494
      Recall: 0.9814
      F1: 0.8498
      AUC: 0.8748
      AP: 0.7355
      Confusion Matrix:
       2153839, 720359
        40767, 2157326
    Class 2
      Precision: 0.9999
      Recall: 0.9997
      F1: 0.9998
      AUC: 0.9999
      AP: 0.9996
      Confusion Matrix:
       808340,     81
          237, 809169
    Class 3
      Precision: 0.9654
      Recall: 0.9917
      F1: 0.9783
      AUC: 0.9827
      AP: 0.9573
      Confusion Matrix:
       3438229, 123405
        28860, 3438480
    Class 4
      Precision: 0.9999
      Recall: 0.9984
      F1: 0.9992
      AUC: 1.0000
      AP: 0.9984
      Confusion Matrix:
       4331626,    238
         6736, 4331606
    Epoch 10: Accuracy: 0.4364, Precision: 0.5249, Recall: 0.4364, F1: 0.4320, Cohen's Kappa: 0.3703, MCC: 0.4178
    Confusion Matrix:
     4335218,   2875,  64648,1179756,3004385,  11975, 342025,   7824, 159117, 826226
         894,2164752,1412241,     22, 219420,      1,1162597,    476,     70,      5
      108535,    394, 812435,    286,     35,     85, 918303,    106,  21495,      3
         103,  12824,  12150,3455650,1096690, 480779,   2365,2857099,    617,    262
        5030, 174778,3323052,  28255,4353574, 114196,    100,1093407, 430604, 453114
        2444,  29742, 465656,   4553, 536297,4335169,4354724,   4890, 103088,  97373
        1982,  19936,   3486,   3692,2643382,      1,2168257,    427, 106662,  20684
      724803,    855,    101, 114497,    569,   1116,    319, 813269,  34120, 173938
      331446,  39642, 446649,   4567,   7961,1612236,   5653,1990262,3455902,  24798
      434222,  42493, 246579,      2,4764025,   3702,  20144,  72112,  39230,4353553
    Class 0
      Precision: 0.9972
      Recall: 0.9994
      F1: 0.9983
      AUC: 0.9986
      AP: 0.9967
      Confusion Matrix:
       4335218,  11975
         2444, 4335169
    Class 1
      Precision: 0.6506
      Recall: 0.9909
      F1: 0.7855
      AUC: 0.8255
      AP: 0.6447
      Confusion Matrix:
       2164752, 1162597
        19936, 2168257
    Class 2
      Precision: 0.9999
      Recall: 0.9999
      F1: 0.9999
      AUC: 0.9999
      AP: 0.9997
      Confusion Matrix:
       812435,    106
          101, 813269
    Class 3
      Precision: 0.9998
      Recall: 0.9987
      F1: 0.9993
      AUC: 0.9999
      AP: 0.9985
      Confusion Matrix:
       3455650,    617
         4567, 3455902
    Class 4
      Precision: 0.9057
      Recall: 0.4775
      F1: 0.6253
      AUC: 0.9529
      AP: 0.4325
      Confusion Matrix:
       4353574, 453114
       4764025, 4353553
    Epoch 11: Accuracy: 0.4430, Precision: 0.4887, Recall: 0.4430, F1: 0.4313, Cohen's Kappa: 0.3767, MCC: 0.4237
    Confusion Matrix:
     4400783,    546,   1160, 631526,    194,1958833,1432049,1417075,  91297,    586
       30938,2197491, 537544, 787488,  16826,  43243,1294738,  26892,  12946,  12372
      466987,   1931, 824722, 331864,   9278,    153,    365,  13041, 203097,  10239
       14384,  16184, 132685,3507912,   3098,  10214, 635286,  91332, 661035,2846409
         546, 124156,1128700,  90548,4419416, 163363,1956337,  97750, 990629,1004665
       70390,   3809,4424711,  20800,    649,4400733, 104801, 338250, 223318, 346475
      112780,1736910,  99952, 113598, 257008,   3229,2201049, 122736, 298112,  23135
         100,   1134,     31, 179235,    828,   9643, 574306, 825569,    866, 271875
       35891,   1635,  62287,    535,   9495,   4436, 197728,    586,3508168,4098355
         752,   5055,     89, 429779,   1416,    729,   6120,   3434,5109293,4419395
    Class 0
      Precision: 0.6920
      Recall: 0.9843
      F1: 0.8126
      AUC: 0.8460
      AP: 0.6811
      Confusion Matrix:
       4400783, 1958833
        70390, 4400733
    Class 1
      Precision: 0.6293
      Recall: 0.5585
      F1: 0.5918
      AUC: 0.8148
      AP: 0.3515
      Confusion Matrix:
       2197491, 1294738
       1736910, 2201049
    Class 2
      Precision: 0.9844
      Recall: 1.0000
      F1: 0.9921
      AUC: 0.9922
      AP: 0.9844
      Confusion Matrix:
       824722,  13041
           31, 825569
    Class 3
      Precision: 0.8414
      Recall: 0.9998
      F1: 0.9138
      AUC: 0.9207
      AP: 0.8413
      Confusion Matrix:
       3507912, 661035
          535, 3508168
    Class 4
      Precision: 0.8148
      Recall: 0.9997
      F1: 0.8978
      AUC: 0.9074
      AP: 0.8145
      Confusion Matrix:
       4419416, 1004665
         1416, 4419395
    Epoch 12: Accuracy: 0.4456, Precision: 0.4803, Recall: 0.4456, F1: 0.4538, Cohen's Kappa: 0.3701, MCC: 0.4476
    Confusion Matrix:
     4426612, 563806,     28,      6,     34,  11773,1636652, 170752,   3170,3121216
      818669,2210388,   7841,   6179, 143156,   1278, 794643, 680477,  92806, 205041
       13544,  67074, 829563,      5,      3, 926784,    657,   1406,  22635,      6
         279,  25420,    254,3528500,1686328,   7773, 942874, 151884,     36,1575191
        5905, 321616,  20202,   8371,4445354, 105846,   4909,   8757,5050662,   4488
     2238504,  61389,    204,  14401,2383451,4426561, 572279, 234896,    596,   1655
         301,1392915,   2436,    311,  25949,1311566,2213967,   2044,    421,  18599
          75, 258751,      3,    455, 757596,  14914,     26, 830414,   1352,      1
          34,  38140,   2710,2037788,  17635,2196818,  14786,  36705,3528758,  45742
       21558, 180985, 146980, 566071,3237637, 697960, 187003,  98925, 393610,4445333
    Class 0
      Precision: 0.9973
      Recall: 0.6641
      F1: 0.7973
      AUC: 0.9987
      AP: 0.6624
      Confusion Matrix:
       4426612,  11773
       2238504, 4426561
    Class 1
      Precision: 0.7356
      Recall: 0.6134
      F1: 0.6690
      AUC: 0.8679
      AP: 0.4512
      Confusion Matrix:
       2210388, 794643
       1392915, 2213967
    Class 2
      Precision: 0.9983
      Recall: 1.0000
      F1: 0.9992
      AUC: 0.9992
      AP: 0.9983
      Confusion Matrix:
       829563,   1406
            3, 830414
    Class 3
      Precision: 1.0000
      Recall: 0.6339
      F1: 0.7759
      AUC: 1.0000
      AP: 0.6339
      Confusion Matrix:
       3528500,     36
       2037788, 3528758
    Class 4
      Precision: 0.9990
      Recall: 0.5786
      F1: 0.7328
      AUC: 0.9995
      AP: 0.5780
      Confusion Matrix:
       4445354,   4488
       3237637, 4445333
    Epoch 13: Accuracy: 0.4506, Precision: 0.5087, Recall: 0.4506, F1: 0.4533, Cohen's Kappa: 0.3831, MCC: 0.4347
    Confusion Matrix:
     4476282,    813,4907509,  70943,   1800,  13945,  98203,  63441,  74927, 226186
     1137679,2235191, 132411,1273820,  41474,  75822,  11782,  12913,  17929,  21457
      529479,     17, 838871, 105617,   2170,     19,  31180, 300385,  53434,    505
        7314, 398214,  10123,3568093,1739793, 213816,  13430,   2844,1898428,  66484
        6345,1076963, 158008,   2390,4495235,   2414,     39,   1219,   1824,4231673
     2664548, 839926, 199951, 943350, 216628,4476231,  87714,  69135,  44356, 392097
        4054,   3214,1177921,   5948, 382929, 104167,2238810,  31775,   7865,1011826
         122,    421,   1105,   2778,    579, 945645,  12571, 839732,    115,  60519
          21, 897840,1216785,1950870, 167009,    151,    164, 116026,3568353,   1897
        6563,   1994, 716804, 512835,  26824, 158128,   2579,   2683,4052439,4495213
    Class 0
      Precision: 0.9969
      Recall: 0.6269
      F1: 0.7697
      AUC: 0.9984
      AP: 0.6249
      Confusion Matrix:
       4476282,  13945
       2664548, 4476231
    Class 1
      Precision: 0.9948
      Recall: 0.9986
      F1: 0.9967
      AUC: 0.9974
      AP: 0.9933
      Confusion Matrix:
       2235191,  11782
         3214, 2238810
    Class 2
      Precision: 0.7363
      Recall: 0.9987
      F1: 0.8477
      AUC: 0.8683
      AP: 0.7354
      Confusion Matrix:
       838871, 300385
         1105, 839732
    Class 3
      Precision: 0.6527
      Recall: 0.6465
      F1: 0.6496
      AUC: 0.8264
      AP: 0.4220
      Confusion Matrix:
       3568093, 1898428
       1950870, 3568353
    Class 4
      Precision: 0.5151
      Recall: 0.9941
      F1: 0.6786
      AUC: 0.7575
      AP: 0.5120
      Confusion Matrix:
       4495235, 4231673
        26824, 4495213
    Epoch 14: Accuracy: 0.4541, Precision: 0.4866, Recall: 0.4541, F1: 0.4385, Cohen's Kappa: 0.3897, MCC: 0.4349
    Confusion Matrix:
     4511051, 156892, 640786,   9280,  17666,  45657,  43810,1940813, 591959,1976135
       33227,2252553, 174817,1624169, 697151,  88339,   4256,  58339,  26035,   1592
         347,    309, 845387,  18631,      1, 146720,  13890,    940, 834723,    729
          90,    218,   5728,3595808,      5,      2,3511151,     59,      9, 805469
      567508,  18661,3591117,   2322,4530151, 430303,   3946,    377, 782015,  49710
        1595,  41323,   1284, 574893,1897790,4511000,2743729, 158697,    352,   3273
         715, 249328,     27,     46,  39479,   6693,2256199,   2233,2412782,   1007
      157818,   2036,  39040, 147009,  19281,   3198,  46883, 846254, 562558,  39510
         160,  49900,  82408,  73294,3344689,  36302, 160522, 575337,3596070,    434
       10999, 894850,  30970,  54660,  32273, 148684,2914743, 128352,1230402,4530129
    Class 0
      Precision: 0.9900
      Recall: 0.9996
      F1: 0.9948
      AUC: 0.9950
      AP: 0.9896
      Confusion Matrix:
       4511051,  45657
         1595, 4511000
    Class 1
      Precision: 0.9981
      Recall: 0.9003
      F1: 0.9467
      AUC: 0.9991
      AP: 0.8986
      Confusion Matrix:
       2252553,   4256
       249328, 2256199
    Class 2
      Precision: 0.9989
      Recall: 0.9559
      F1: 0.9769
      AUC: 0.9994
      AP: 0.9548
      Confusion Matrix:
       845387,    940
        39040, 846254
    Class 3
      Precision: 1.0000
      Recall: 0.9800
      F1: 0.9899
      AUC: 1.0000
      AP: 0.9800
      Confusion Matrix:
       3595808,      9
        73294, 3596070
    Class 4
      Precision: 0.9891
      Recall: 0.9929
      F1: 0.9910
      AUC: 0.9946
      AP: 0.9821
      Confusion Matrix:
       4530151,  49710
        32273, 4530129
    Epoch 15: Accuracy: 0.4601, Precision: 0.4949, Recall: 0.4601, F1: 0.4583, Cohen's Kappa: 0.3961, MCC: 0.4661
    Confusion Matrix:
     4570655,      2,      7,      2,2768886,  96170,    880, 319879,      1,2177567
      981072,2282315,   6394,  57901,   1003,   8962,    611,1620974,    677,    569
         487, 575374, 856557,   2726, 401324,   3453,    213,   3202,  14600,   3741
      324313,  37262,   2645,3643319,   8524,   7040,   1960,1655547,1375521, 862408
       20273,    105,   1529,    586,4590008,3516182,1551010, 117184,  15420, 163813
         489,1245569, 403817,2162598,   8071,4570603,1195146, 115913,    826, 230904
        7981,    876,  16411, 457520, 199857,1806825,2286010, 116859,  51864,  24306
      963420,     51,   1855,     43,    106,   8006,  32594, 857436,      7,     69
        1843,  54926, 245631,     47,   2376, 731110,     39,2853843,3643585, 385716
      578648,    248, 251729,   5242,    374,    838,    523,4203703, 344771,4589986
    Class 0
      Precision: 0.9794
      Recall: 0.9999
      F1: 0.9895
      AUC: 0.9897
      AP: 0.9793
      Confusion Matrix:
       4570655,  96170
          489, 4570603
    Class 1
      Precision: 0.9997
      Recall: 0.9996
      F1: 0.9997
      AUC: 0.9999
      AP: 0.9993
      Confusion Matrix:
       2282315,    611
          876, 2286010
    Class 2
      Precision: 0.9963
      Recall: 0.9978
      F1: 0.9971
      AUC: 0.9981
      AP: 0.9941
      Confusion Matrix:
       856557,   3202
         1855, 857436
    Class 3
      Precision: 0.7259
      Recall: 1.0000
      F1: 0.8412
      AUC: 0.8630
      AP: 0.7259
      Confusion Matrix:
       3643319, 1375521
           47, 3643585
    Class 4
      Precision: 0.9655
      Recall: 0.9999
      F1: 0.9824
      AUC: 0.9828
      AP: 0.9655
      Confusion Matrix:
       4590008, 163813
          374, 4589986
    Epoch 16: Accuracy: 0.4651, Precision: 0.5211, Recall: 0.4651, F1: 0.4443, Cohen's Kappa: 0.4084, MCC: 0.4538
    Confusion Matrix:
     4620326,4477018,     13,    943,    323,    238,  28479, 725220,  46068,  35421
           1,2307118,2401214,      1,      2,  16617, 235321,    190,     11,      3
      121733, 325302, 865865,  78802,   2399,   6442, 227226,    453, 175436,  58019
      632932,   1181,   1318,3682912,  42865,2753774,  38314, 760824,   2392,   2027
       11205,   5110,   1628, 300194,4639888, 182422, 914569,3897836,   7629,  15629
          68,     72,     40,1143508,3983897,4620273,     21,  67947, 117212,    898
       49512,     95,2043663, 557851,    668,   1828,2310853,     59,   2250,   1730
       66761, 757252,  58169,     18,     51,   6803,  59615, 866754,    233,  47931
       72913,   1221,3734460, 162453,   3578, 184687,    234,  11778,3683180,  64612
        7526,   2502,    256,   1287,  15324, 121036,5162167,   1243,  24855,4639866
    Class 0
      Precision: 0.9999
      Recall: 1.0000
      F1: 1.0000
      AUC: 1.0000
      AP: 0.9999
      Confusion Matrix:
       4620326,    238
           68, 4620273
    Class 1
      Precision: 0.9074
      Recall: 1.0000
      F1: 0.9515
      AUC: 0.9538
      AP: 0.9074
      Confusion Matrix:
       2307118, 235321
           95, 2310853
    Class 2
      Precision: 0.9995
      Recall: 0.9370
      F1: 0.9673
      AUC: 0.9997
      AP: 0.9366
      Confusion Matrix:
       865865,    453
        58169, 866754
    Class 3
      Precision: 0.9994
      Recall: 0.9578
      F1: 0.9781
      AUC: 0.9997
      AP: 0.9571
      Confusion Matrix:
       3682912,   2392
       162453, 3683180
    Class 4
      Precision: 0.9966
      Recall: 0.9967
      F1: 0.9967
      AUC: 0.9983
      AP: 0.9934
      Confusion Matrix:
       4639888,  15629
        15324, 4639866
    Epoch 17: Accuracy: 0.4681, Precision: 0.4992, Recall: 0.4681, F1: 0.4645, Cohen's Kappa: 0.3974, MCC: 0.4847
    Confusion Matrix:
     4650128,  23632,   1300,  89621,  49651,2635336,  59261, 701617,   4997,1718506
      542315,2321999, 211338, 494362, 423227, 483140,  50008,  19723, 210797, 203569
        3369,   1091, 871451,  66314, 228407,   4542,  52003, 311847,   2520, 320133
     2220768,1508544,  37073,3706668, 312369,  47109,     55,   1799,  25122,  59032
       25796,  20164,    573,  20335,4669817,5122623,  85067,   3900,  15140,  12695
      462763,  21710, 957863,3694761,    752,4650075,   1429, 133263,    659,  10661
        2136,    520,   4568, 435976,    406,1152768,2325759,   3335,    122,1042919
      174528,     45,    512, 815486,     30,     63,    273, 872345,    111,    194
         133,    320,     52,   1793,3733677,  18439, 105824, 350637,3706938,   1303
       25190,1136609,2537946, 791744,  22731,  24353, 117141,   7342, 643212,4669794
    Class 0
      Precision: 0.6383
      Recall: 0.9095
      F1: 0.7501
      AUC: 0.8191
      AP: 0.5805
      Confusion Matrix:
       4650128, 2635336
       462763, 4650075
    Class 1
      Precision: 0.9789
      Recall: 0.9998
      F1: 0.9892
      AUC: 0.9895
      AP: 0.9787
      Confusion Matrix:
       2321999,  50008
          520, 2325759
    Class 2
      Precision: 0.7365
      Recall: 0.9994
      F1: 0.8480
      AUC: 0.8683
      AP: 0.7360
      Confusion Matrix:
       871451, 311847
          512, 872345
    Class 3
      Precision: 0.9933
      Recall: 0.9995
      F1: 0.9964
      AUC: 0.9966
      AP: 0.9928
      Confusion Matrix:
       3706668,  25122
         1793, 3706938
    Class 4
      Precision: 0.9973
      Recall: 0.9952
      F1: 0.9962
      AUC: 0.9986
      AP: 0.9925
      Confusion Matrix:
       4669817,  12695
        22731, 4669794
    Epoch 18: Accuracy: 0.4719, Precision: 0.4762, Recall: 0.4719, F1: 0.4464, Cohen's Kappa: 0.4096, MCC: 0.4560
    Confusion Matrix:
     4687877, 106826,    194,    894, 424679,   2296, 223765,3993175,   7733, 486610
       80931,2340849,  39882,  60738,2242044,  22708,  15394,   7704,    591, 149637
      546221,    257, 878525, 100961,  39252, 187336,   1666,  54685,  50487,   2287
          43,     39, 279392,3736758,   1591,3895484,      5,      2,   5212,     13
       49102,2713598, 564508, 528931,4707726,   4724, 883768,   6566,   6317, 510870
      467249,   3321,  34872, 323745, 797703,4687824,1483565, 263035,  33764,1838858
       15860,    325,   6638,  81457,  24938, 116744,2344639,   6795, 891998,1479115
         118,  23830, 691178,  10066, 117346,   2225,   1243, 879426, 137686,    469
       30976, 171626, 674831,   8748, 110755, 533907,2144447,  47761,3737030, 459035
        2480,    481,3276597,     68,     14,     20, 809797,   2671,1176231,4707703
    Class 0
      Precision: 0.9995
      Recall: 0.9094
      F1: 0.9523
      AUC: 0.9998
      AP: 0.9089
      Confusion Matrix:
       4687877,   2296
       467249, 4687824
    Class 1
      Precision: 0.9935
      Recall: 0.9999
      F1: 0.9967
      AUC: 0.9967
      AP: 0.9933
      Confusion Matrix:
       2340849,  15394
          325, 2344639
    Class 2
      Precision: 0.9414
      Recall: 0.5597
      F1: 0.7020
      AUC: 0.9707
      AP: 0.5269
      Confusion Matrix:
       878525,  54685
       691178, 879426
    Class 3
      Precision: 0.9986
      Recall: 0.9977
      F1: 0.9981
      AUC: 0.9993
      AP: 0.9963
      Confusion Matrix:
       3736758,   5212
         8748, 3737030
    Class 4
      Precision: 0.9021
      Recall: 1.0000
      F1: 0.9485
      AUC: 0.9511
      AP: 0.9021
      Confusion Matrix:
       4707726, 510870
           14, 4707703
    Epoch 19: Accuracy: 0.4766, Precision: 0.4827, Recall: 0.4766, F1: 0.4570, Cohen's Kappa: 0.4119, MCC: 0.4835
    Confusion Matrix:
     4734567,   5852,     43,  13280,3722607,    220,   2607,     13,     59,1454801
         612,2364163,   1625, 336461,   9726,1081003,  76587,  11248, 100282, 978771
       17574, 119881, 887275,    862,  48228,   2720, 439588,    198,  10764, 334587
      168396,   8883,  23026,3773975,   5504,   1000,  43983,1124989,2105547, 663236
      134319, 511855,  27405, 292875,4754614,  14553,  90158,3090376,1055759,   4196
      368714,   3802,1227761,2831712, 140730,4734513,  10364,  20245,  71694, 524401
         374,    236, 561412,  46529, 205972,    424,2367991, 969189, 816120,    262
       31752, 130738, 250425, 132206,  31482, 182445,  92085, 888185,  41721,  82548
      580597,2509233,   2423,  64552,     98, 113003,  44664,  91742,3774250, 738554
        2645,  35681,1054084,  16716,1775941, 977207,    361,  54473,1304363,4754591
    Class 0
      Precision: 1.0000
      Recall: 0.9277
      F1: 0.9625
      AUC: 1.0000
      AP: 0.9277
      Confusion Matrix:
       4734567,    220
       368714, 4734513
    Class 1
      Precision: 0.9686
      Recall: 0.9999
      F1: 0.9840
      AUC: 0.9843
      AP: 0.9685
      Confusion Matrix:
       2364163,  76587
          236, 2367991
    Class 2
      Precision: 0.9998
      Recall: 0.7799
      F1: 0.8762
      AUC: 0.9999
      AP: 0.7797
      Confusion Matrix:
       887275,    198
       250425, 888185
    Class 3
      Precision: 0.6419
      Recall: 0.9832
      F1: 0.7767
      AUC: 0.8210
      AP: 0.6311
      Confusion Matrix:
       3773975, 2105547
        64552, 3774250
    Class 4
      Precision: 0.9991
      Recall: 0.7281
      F1: 0.8423
      AUC: 0.9996
      AP: 0.7274
      Confusion Matrix:
       4754614,   4196
       1775941, 4754591
    Epoch 20: Accuracy: 0.4800, Precision: 0.4804, Recall: 0.4800, F1: 0.4588, Cohen's Kappa: 0.4179, MCC: 0.4615
    Confusion Matrix:
     4768343,    574, 127679,   6835,1454870,1540040,    193,   5015,2029321,   1179
        2275,2381029,   2385, 773495,   2286,    203,    162, 428790,      8,1369845
        1052,  15156, 893604, 513295, 315100,   1152,  23009,   3964,  84552,  10793
        4344,2412579, 724451,3800898,  73645, 307944, 396643,    976,  55569, 141490
        5790,1839950,   3643,   6077,4788532,   7001,3293883,  12579,   7513,  11142
      401312, 569335,  72415,   1057,      1,4768289,3983339,  98310,     45,  39833
          82,   4442, 234746,  34152, 438634,    468,2384884,1870904,     62,    135
           5,    706, 606225,    723,  64652,      2, 294365, 894521,   2375,     13
        1696,   2341, 566001,  21747,1825159,  22985,    412, 420552,3801175,1257048
     1998310,1410536,   5222, 220718, 130935, 848268, 535159,  37479,    926,4788509
    Class 0
      Precision: 0.7559
      Recall: 0.9224
      F1: 0.8309
      AUC: 0.8779
      AP: 0.6972
      Confusion Matrix:
       4768343, 1540040
       401312, 4768289
    Class 1
      Precision: 0.9999
      Recall: 0.9981
      F1: 0.9990
      AUC: 1.0000
      AP: 0.9981
      Confusion Matrix:
       2381029,    162
         4442, 2384884
    Class 2
      Precision: 0.9956
      Recall: 0.5958
      F1: 0.7455
      AUC: 0.9978
      AP: 0.5932
      Confusion Matrix:
       893604,   3964
       606225, 894521
    Class 3
      Precision: 0.9856
      Recall: 0.9943
      F1: 0.9899
      AUC: 0.9928
      AP: 0.9800
      Confusion Matrix:
       3800898,  55569
        21747, 3801175
    Class 4
      Precision: 0.9977
      Recall: 0.9734
      F1: 0.9854
      AUC: 0.9988
      AP: 0.9711
      Confusion Matrix:
       4788532,  11142
       130935, 4788509