Ablation Type: decay_ablation
==================================================
Epoch Results:
    Epoch 1: Accuracy: 0.6000, Precision: 0.6182, Recall: 0.6000, F1: 0.5729, Cohen's Kappa: 0.5529, MCC: 0.7235
    Confusion Matrix:
     5960429,   1040,   2256,3408070,   6335,  53216, 230486,   8728,  10733, 252756
      136177,2976286,   5812,1768916,   6631,  11025,   6565,  42905,   5909,    252
         710,    749,1117006,   3509,     78, 179530,  12690, 547257,     12,    136
      145814,  29525,  86961,4751123, 284065,  14203, 116872,2348211, 128286,  13479
         402,1393612,2487086,    132,5985666,  73265,    116,   3951,     17,  31863
      298297,  61266, 558423,1635864,   2220,5960361, 812607, 562261,   1415,  41222
        2874,   9411,    190,1829182,    115,   3405,2981105, 140895,    460,    872
      458133,  12288, 222326,    633,    778,    247,    476,1118152,   1534,  49020
      127757, 480242,  78419,  74727, 569019,1640082,  78287, 101200,4751469,  17914
         462,1622341,1760091,  12858,  25073,  10323,  30941,  54527, 473809,5985637
    Class 0
      Precision: 0.9912
      Recall: 0.9523
      F1: 0.9714
      AUC: 0.9956
      AP: 0.9439
      Confusion Matrix:
       5960429,  53216
       298297, 5960361
    Class 1
      Precision: 0.9978
      Recall: 0.9968
      F1: 0.9973
      AUC: 0.9989
      AP: 0.9947
      Confusion Matrix:
       2976286,   6565
         9411, 2981105
    Class 2
      Precision: 0.6712
      Recall: 0.8340
      F1: 0.7438
      AUC: 0.8357
      AP: 0.5598
      Confusion Matrix:
       1117006, 547257
       222326, 1118152
    Class 3
      Precision: 0.9737
      Recall: 0.9845
      F1: 0.9791
      AUC: 0.9869
      AP: 0.9586
      Confusion Matrix:
       4751123, 128286
        74727, 4751469
    Class 4
      Precision: 0.9947
      Recall: 0.9958
      F1: 0.9953
      AUC: 0.9974
      AP: 0.9906
      Confusion Matrix:
       5985666,  31863
        25073, 5985637
    Epoch 2: Accuracy: 0.6044, Precision: 0.5939, Recall: 0.6044, F1: 0.5804, Cohen's Kappa: 0.5547, MCC: 0.6558
    Confusion Matrix:
     6004139, 677385,    315,      7,     15,2215338, 527584,    367, 508098,    801
       13022,2998112,    139,    405,     69,  38146,  11472,  17345,1876641,   5127
      711758,   5877,1125197,   2296,      3,    112,   6282,   5723,   4274,    155
        5590, 562082,  36740,4785964,  22274, 496315,1319705,   9854, 429241, 250774
        4031,     33, 160481,    119,6029560, 101217,3290598,   8314, 381657,    100
      112290,1394822,  53725,  26527,  65818,6004070,   5268,  72802,1377500, 821114
          32,     44,1534933, 383481,      8,     13,3002966,     78,    122,  46832
      691654,    614,  21512,    182,    398,   1520,  16746,1126351,   4534,     76
          45,  14470,   3508,    783,    680,3081766,  29525,     17,4786313,   2009
       22226,    290,    142,1660700,    377,   7262,  90930,2164495,    109,6029531
    Class 0
      Precision: 0.7305
      Recall: 0.9816
      F1: 0.8376
      AUC: 0.8652
      AP: 0.7171
      Confusion Matrix:
       6004139, 2215338
       112290, 6004070
    Class 1
      Precision: 0.9962
      Recall: 1.0000
      F1: 0.9981
      AUC: 0.9981
      AP: 0.9962
      Confusion Matrix:
       2998112,  11472
           44, 3002966
    Class 2
      Precision: 0.9949
      Recall: 0.9812
      F1: 0.9880
      AUC: 0.9975
      AP: 0.9763
      Confusion Matrix:
       1125197,   5723
        21512, 1126351
    Class 3
      Precision: 0.9177
      Recall: 0.9998
      F1: 0.9570
      AUC: 0.9588
      AP: 0.9175
      Confusion Matrix:
       4785964, 429241
          783, 4786313
    Class 4
      Precision: 1.0000
      Recall: 0.9999
      F1: 1.0000
      AUC: 1.0000
      AP: 0.9999
      Confusion Matrix:
       6029560,    100
          377, 6029531
    Epoch 3: Accuracy: 0.6146, Precision: 0.6061, Recall: 0.6146, F1: 0.5913, Cohen's Kappa: 0.5669, MCC: 0.7668
    Confusion Matrix:
     6105466, 561810,   1045,  29289, 182781,  18782,2971063,   9678,  23860,  30275
       15689,3048709,   1668, 159362,  62134,1591918,  45653,   3036,  31298,   1011
       29664, 110342,1144186,  54954, 133600,  22829,   8124, 353517,   3671,    790
       31060,2874598,   2600,4866734,   1223,  87275,  31147,  13883,   1520,   8499
         574, 804108,  80334,   2809,6131317,  92190,2017912,   1847, 840122,   4897
      402615,   5868,3324175,   1299,   9475,6105397,     56,  84249,     30,    772
      714517,    613,   3278, 661659,      9,  45814,3053645,  11270,    124, 477580
       18170, 526498,    355,  62151,    695,  12848,  96010,1145360,     95,   1405
         809,  21243,    556, 179267,  60377,  13702,    352, 350451,4867088,2425271
       18645, 109753,  79279, 473671,2936218,  16340, 143506,  51757,  15606,6131287
    Class 0
      Precision: 0.9969
      Recall: 0.9381
      F1: 0.9666
      AUC: 0.9985
      AP: 0.9353
      Confusion Matrix:
       6105466,  18782
       402615, 6105397
    Class 1
      Precision: 0.9852
      Recall: 0.9998
      F1: 0.9925
      AUC: 0.9926
      AP: 0.9850
      Confusion Matrix:
       3048709,  45653
          613, 3053645
    Class 2
      Precision: 0.7640
      Recall: 0.9997
      F1: 0.8661
      AUC: 0.8821
      AP: 0.7637
      Confusion Matrix:
       1144186, 353517
          355, 1145360
    Class 3
      Precision: 0.9997
      Recall: 0.9645
      F1: 0.9818
      AUC: 0.9998
      AP: 0.9642
      Confusion Matrix:
       4866734,   1520
       179267, 4867088
    Class 4
      Precision: 0.9992
      Recall: 0.6762
      F1: 0.8066
      AUC: 0.9996
      AP: 0.6756
      Confusion Matrix:
       6131317,   4897
       2936218, 6131287
    Epoch 4: Accuracy: 0.6207, Precision: 0.6081, Recall: 0.6207, F1: 0.6078, Cohen's Kappa: 0.5712, MCC: 0.6976
    Confusion Matrix:
     6166064,2579122,    851,  74773,   7845,1093931,   5999,    441,   3779,   1244
       98975,3078968, 104433,1208021,     14,      4,      5,    716, 413505,  55837
        3493, 129188,1155542,   7604,  10980,  24246,  20960,   3279, 213241, 293144
      251551, 338437,   8254,4915037, 246098,1780084,   8285,  12289, 208395, 150109
       19464, 108561, 160708,  85700,6192171,1045674,1388913, 168778,  27995, 778146
        3350,   1065,   2941,2245719, 197758,6165994, 676076, 369884,  32535, 238614
     1584475,  31478,    304,   2690,   8477,  50079,3083953, 205955,    694,    404
           1,      4,      1,   1704,   8116,      2,   1434,1156728,    236, 695361
      139139, 618824, 352263,  14437,   2679,  59956,1555966, 252687,4915395,   7770
        2511,  10387,  16319,   6249,1159530, 797535,    578, 424939,1365873,6192141
    Class 0
      Precision: 0.8493
      Recall: 0.9995
      F1: 0.9183
      AUC: 0.9247
      AP: 0.8489
      Confusion Matrix:
       6166064, 1093931
         3350, 6165994
    Class 1
      Precision: 1.0000
      Recall: 0.9899
      F1: 0.9949
      AUC: 1.0000
      AP: 0.9899
      Confusion Matrix:
       3078968,      5
        31478, 3083953
    Class 2
      Precision: 0.9972
      Recall: 1.0000
      F1: 0.9986
      AUC: 0.9986
      AP: 0.9972
      Confusion Matrix:
       1155542,   3279
            1, 1156728
    Class 3
      Precision: 0.9593
      Recall: 0.9971
      F1: 0.9778
      AUC: 0.9797
      AP: 0.9565
      Confusion Matrix:
       4915037, 208395
        14437, 4915395
    Class 4
      Precision: 0.8884
      Recall: 0.8423
      F1: 0.8647
      AUC: 0.9442
      AP: 0.7482
      Confusion Matrix:
       6192171, 778146
       1159530, 6192141
    Epoch 5: Accuracy: 0.6253, Precision: 0.6323, Recall: 0.6253, F1: 0.6085, Cohen's Kappa: 0.5767, MCC: 0.7053
    Confusion Matrix:
     6211760,  22743,1454040,   8976,  55257,2063671,  11329,  75662,  16684,  13927
      805180,3101786,   3667, 158243, 206303,   2945,   1373,   1606, 110303, 569072
        4463,  26718,1164106,    358,  20498,  10877, 220549, 266785,  71064,  76259
          66,  25340,      4,4951462,  23359, 442136,  36334,    949,2438836,     53
       69469,   4461,  47669,   1053,6238061,  71543,    547,3450421,   4311,  88575
        6936, 315143,    576,     28,   5336,6211690,   3045,  13055,    363,3377764
     1203046, 196031, 413203,   1335,  45132,     59,3106808,   1032,    480,   1383
       25119,  40822,   3441,    924, 279857, 239529,   5434,1165300,  11158,  92003
      752258,   6447,    117,2183242,      3,    218,  24964,     30,4951823,     14
      130924,      2,    268,   2186,     31,  40744,  52719,      6,3511151,6238031
    Class 0
      Precision: 0.7506
      Recall: 0.9989
      F1: 0.8571
      AUC: 0.8753
      AP: 0.7498
      Confusion Matrix:
       6211760, 2063671
         6936, 6211690
    Class 1
      Precision: 0.9996
      Recall: 0.9406
      F1: 0.9692
      AUC: 0.9998
      AP: 0.9401
      Confusion Matrix:
       3101786,   1373
       196031, 3106808
    Class 2
      Precision: 0.8136
      Recall: 0.9971
      F1: 0.8960
      AUC: 0.9069
      AP: 0.8112
      Confusion Matrix:
       1164106, 266785
         3441, 1165300
    Class 3
      Precision: 0.6700
      Recall: 0.6940
      F1: 0.6818
      AUC: 0.8350
      AP: 0.4650
      Confusion Matrix:
       4951462, 2438836
       2183242, 4951823
    Class 4
      Precision: 0.9860
      Recall: 1.0000
      F1: 0.9929
      AUC: 0.9930
      AP: 0.9860
      Confusion Matrix:
       6238061,  88575
           31, 6238031
    Epoch 6: Accuracy: 0.6309, Precision: 0.6163, Recall: 0.6309, F1: 0.6048, Cohen's Kappa: 0.5835, MCC: 0.7424
    Confusion Matrix:
     6267391,    613,   3817,    488,   1221,    214, 969739,  31587,    114,2658865
      408531,3129565,   3641,    848,  36307,   6030,   3738,  51253,1135682, 184883
      129196,   5496,1174532, 185468,  15844, 119946,   2057,   3143, 177844,  48151
         294, 285722,    137,4995806,2461217,   9909,  25587,    133,  12301, 127433
     1245408,  72125,   2789,  18186,6293927, 142892,  26544,1951543, 185407,  37289
      919411,  16502,2072384, 512207,  25600,6267320,   5757,  52789,   8121,  53845
     1704900,  24853,      6,    203,     30,     43,3134632,  19625,    250,  83967
         128,      4,  13875,  16500,      9, 501245, 138056,1175737,    303,  17730
       35404,  38514, 600106, 105422, 750256,1262014,  36717,  20588,4996170,  73925
        4779,    281,   2293, 121647,  48614,  43105,2502624, 957045,   1777,6293897
    Class 0
      Precision: 1.0000
      Recall: 0.8721
      F1: 0.9316
      AUC: 1.0000
      AP: 0.8720
      Confusion Matrix:
       6267391,    214
       919411, 6267320
    Class 1
      Precision: 0.9988
      Recall: 0.9921
      F1: 0.9955
      AUC: 0.9994
      AP: 0.9909
      Confusion Matrix:
       3129565,   3738
        24853, 3134632
    Class 2
      Precision: 0.9973
      Recall: 0.9883
      F1: 0.9928
      AUC: 0.9987
      AP: 0.9857
      Confusion Matrix:
       1174532,   3143
        13875, 1175737
    Class 3
      Precision: 0.9975
      Recall: 0.9793
      F1: 0.9884
      AUC: 0.9988
      AP: 0.9769
      Confusion Matrix:
       4995806,  12301
       105422, 4996170
    Class 4
      Precision: 0.9941
      Recall: 0.9923
      F1: 0.9932
      AUC: 0.9971
      AP: 0.9865
      Confusion Matrix:
       6293927,  37289
        48614, 6293897
    Epoch 7: Accuracy: 0.6381, Precision: 0.6319, Recall: 0.6381, F1: 0.6181, Cohen's Kappa: 0.5908, MCC: 0.6628
    Confusion Matrix:
     6338916,   4855, 105745, 321707, 137207,  17518,  14333, 106158, 508818,2378792
      646994,3165281, 102225,   1470,   2308,   1444,   1239, 818371, 216905,   4241
         156,  30404,1187936, 197603, 228917,  10330,     17,   1339, 201843,   3132
        1388,  18978,  66631,5052819,  11385, 487158, 154657,1170325,  38541, 916657
         162,    287,     87,3566036,6365755,  16403,  25572,      9,    203,   1596
          76,    331,    143,     59,     32,6338844, 530720,     17, 734968,2328746
       14328, 196572,     33,    240,1092884, 468325,3170405,  17076,   8570,     76
        5217,    100, 159761, 136645,    791,  34341, 219577,1189154, 117273,    728
        1323, 371906,2362161,  25005,  92096,   2930,   7399,   1778,5053187,   1331
       22231,  12592,  95176,  74372,2852685,  56008, 470402,    196,  26675,6365725
    Class 0
      Precision: 0.9972
      Recall: 1.0000
      F1: 0.9986
      AUC: 0.9986
      AP: 0.9972
      Confusion Matrix:
       6338916,  17518
           76, 6338844
    Class 1
      Precision: 0.9996
      Recall: 0.9415
      F1: 0.9697
      AUC: 0.9998
      AP: 0.9412
      Confusion Matrix:
       3165281,   1239
       196572, 3170405
    Class 2
      Precision: 0.9989
      Recall: 0.8815
      F1: 0.9365
      AUC: 0.9994
      AP: 0.8805
      Confusion Matrix:
       1187936,   1339
       159761, 1189154
    Class 3
      Precision: 0.9924
      Recall: 0.9951
      F1: 0.9938
      AUC: 0.9962
      AP: 0.9875
      Confusion Matrix:
       5052819,  38541
        25005, 5053187
    Class 4
      Precision: 0.9997
      Recall: 0.6905
      F1: 0.8169
      AUC: 0.9999
      AP: 0.6904
      Confusion Matrix:
       6365755,   1596
       2852685, 6365725
    Epoch 8: Accuracy: 0.6458, Precision: 0.6334, Recall: 0.6458, F1: 0.6252, Cohen's Kappa: 0.6002, MCC: 0.6530
    Confusion Matrix:
     6415408,   4452,   6600,   2236,   3622,  97611,1629819,1752109,  22090,    102
        1474,3203476,    236,   2143,    461, 135648,   7468,    126,    533,1608913
           5,   6141,1202271,    523,    795, 104079,    420,   2689,      2, 544752
        2213,2644437,    115,5113792,    343,   1720, 138762,   3325,   2338,  11494
       14666, 247790,  17013, 133137,6442571,   2506,  11042,  12768,1200653,1893964
      198434,  56177, 256875, 170968,  88227,6415335, 204007,1310824,    572,1232517
     1537473,   2225,     68,      5, 104013, 110709,3208663,     39,   5202,    112
        6248,  14071, 533024,  79401,    395,   1251,  25235,1203504,    210,    248
        2168, 213118,   3949,1671233,  88849, 784620,  19978,  16959,5114165,   4077
     2317987,  67098,  40477, 400035,  27828,   5142, 648170,  18662,   8123,6442540
    Class 0
      Precision: 0.9850
      Recall: 0.9700
      F1: 0.9774
      AUC: 0.9925
      AP: 0.9555
      Confusion Matrix:
       6415408,  97611
       198434, 6415335
    Class 1
      Precision: 0.9977
      Recall: 0.9993
      F1: 0.9985
      AUC: 0.9988
      AP: 0.9970
      Confusion Matrix:
       3203476,   7468
         2225, 3208663
    Class 2
      Precision: 0.9978
      Recall: 0.6928
      F1: 0.8178
      AUC: 0.9989
      AP: 0.6913
      Confusion Matrix:
       1202271,   2689
       533024, 1203504
    Class 3
      Precision: 0.9995
      Recall: 0.7537
      F1: 0.8594
      AUC: 0.9998
      AP: 0.7533
      Confusion Matrix:
       5113792,   2338
       1671233, 5114165
    Class 4
      Precision: 0.7728
      Recall: 0.9957
      F1: 0.8702
      AUC: 0.8864
      AP: 0.7695
      Confusion Matrix:
       6442571, 1893964
        27828, 6442540
    Epoch 9: Accuracy: 0.6509, Precision: 0.6631, Recall: 0.6509, F1: 0.6502, Cohen's Kappa: 0.6036, MCC: 0.7029
    Confusion Matrix:
     6466072,3360395,   3254,    175,   4993,    634,    628,     95,    294,  97509
         908,3228775,    120, 177979, 756644,    743,    609, 791387,    115,   3198
      186551,     55,1211765,    426,     13, 372377,      9,      4,  90387,     90
       77878,  10728, 206690,5154177,   5918,  32025, 107738,  63245,2259397,    743
       19008,   4156,   6962, 292040,6493449,2605236, 146162, 158001,   3220, 247876
     2787759,  22791,  17333, 208924,  69178,6465998, 273696,  66312,   7779,  14166
       17240,   8736,    257, 253837,1033106,  92260,3234002,   4377, 324553,    141
        4306,  22335,  62698, 447265,  84494,  16220,   7138,1213008,   1349,   4774
     2748336,    154,   3860,    202,    223,    318,  10884,    393,5154552,    194
        5746,   3349, 312017, 129618,2754784,   1234, 269054,   2040,   4802,6493418
    Class 0
      Precision: 0.9999
      Recall: 0.6987
      F1: 0.8226
      AUC: 1.0000
      AP: 0.6987
      Confusion Matrix:
       6466072,    634
       2787759, 6465998
    Class 1
      Precision: 0.9998
      Recall: 0.9973
      F1: 0.9986
      AUC: 0.9999
      AP: 0.9971
      Confusion Matrix:
       3228775,    609
         8736, 3234002
    Class 2
      Precision: 1.0000
      Recall: 0.9508
      F1: 0.9748
      AUC: 1.0000
      AP: 0.9508
      Confusion Matrix:
       1211765,      4
        62698, 1213008
    Class 3
      Precision: 0.6952
      Recall: 1.0000
      F1: 0.8202
      AUC: 0.8476
      AP: 0.6952
      Confusion Matrix:
       5154177, 2259397
          202, 5154552
    Class 4
      Precision: 0.9632
      Recall: 0.7021
      F1: 0.8122
      AUC: 0.9816
      AP: 0.6763
      Confusion Matrix:
       6493449, 247876
       2754784, 6493418
    Epoch 10: Accuracy: 0.6555, Precision: 0.6681, Recall: 0.6555, F1: 0.6389, Cohen's Kappa: 0.6121, MCC: 0.6713
    Confusion Matrix:
     6511769,      9,    140,   3983,    393,   2955, 168845,  63194,3084337,  98424
        5708,3251593,  46871, 109664,   1114,     24,   2233,      7,1543255,      9
      144617,      8,1220329,   9432, 229113,  44326,  15378, 198471,      2,      1
       72246, 807815,  78149,5190602,1370942,    109,   2588,   1094, 393891,   1103
      303896,  19750, 609355, 207888,6539340,1583036, 468352, 176052,  48851,  19590
        7562,   4264,  35156,   7362,   1110,6511695,   4154,   1180,3355287,   6166
       64685, 184393, 111534,   9773,  65635,  76820,3256857,   7747,  21825,1169240
          16, 622768,    323,  11075,   2580,     70,   5091,1221581,     54,     29
      111270,2499061,    840,   1103, 112324,    484,    551,   2415,5190980,     88
          80,   2310,2725214,   9209, 108420,     39,   2720, 588752,     10,6539308
    Class 0
      Precision: 0.9995
      Recall: 0.9988
      F1: 0.9992
      AUC: 0.9998
      AP: 0.9984
      Confusion Matrix:
       6511769,   2955
         7562, 6511695
    Class 1
      Precision: 0.9993
      Recall: 0.9463
      F1: 0.9721
      AUC: 0.9997
      AP: 0.9457
      Confusion Matrix:
       3251593,   2233
       184393, 3256857
    Class 2
      Precision: 0.8601
      Recall: 0.9997
      F1: 0.9247
      AUC: 0.9301
      AP: 0.8599
      Confusion Matrix:
       1220329, 198471
          323, 1221581
    Class 3
      Precision: 0.9295
      Recall: 0.9998
      F1: 0.9633
      AUC: 0.9647
      AP: 0.9293
      Confusion Matrix:
       5190602, 393891
         1103, 5190980
    Class 4
      Precision: 0.9970
      Recall: 0.9837
      F1: 0.9903
      AUC: 0.9985
      AP: 0.9808
      Confusion Matrix:
       6539340,  19590
       108420, 6539308
    Epoch 11: Accuracy: 0.6640, Precision: 0.6426, Recall: 0.6640, F1: 0.6298, Cohen's Kappa: 0.6228, MCC: 0.7156
    Confusion Matrix:
     6596208,    363,  45126,  38714,    280,2997770,   1102,   3692, 250169,    625
      131843,3293757,  89780,  54558,  10344,  15455, 149594,1086709, 114894,  13544
       41370,   3680,1236153,  62886,     11,  31971,     23, 275659,    180, 209744
       35498, 289046,  61248,5257909, 672557,   2565,   5653, 820153, 752194,  21716
      197165,1194830,   1412,  17933,6624137,  26260,  10790, 433801,   2516,1467266
       25850,  81248,2801663, 141698,  22030,6596133, 145731,   4924, 111690,   2969
         537,   5935,1323738,  44659,    701,   2737,3299089, 168800, 122206,    107
       74850,  14148,  12011, 324534,  11152,  35859,   4684,1237421,  45779, 103149
        3114, 122322,1048878,1421979,  14772,    146,  47217,   1135,5258293,   1260
      887300,    449,  78999,  15964, 459217, 743742,1113048,  52161,   1077,6624105
    Class 0
      Precision: 0.6875
      Recall: 0.9961
      F1: 0.8135
      AUC: 0.8438
      AP: 0.6849
      Confusion Matrix:
       6596208, 2997770
        25850, 6596133
    Class 1
      Precision: 0.9566
      Recall: 0.9982
      F1: 0.9769
      AUC: 0.9783
      AP: 0.9548
      Confusion Matrix:
       3293757, 149594
         5935, 3299089
    Class 2
      Precision: 0.8177
      Recall: 0.9904
      F1: 0.8958
      AUC: 0.9089
      AP: 0.8098
      Confusion Matrix:
       1236153, 275659
        12011, 1237421
    Class 3
      Precision: 0.8748
      Recall: 0.7871
      F1: 0.8287
      AUC: 0.9374
      AP: 0.6886
      Confusion Matrix:
       5257909, 752194
       1421979, 5258293
    Class 4
      Precision: 0.8187
      Recall: 0.9352
      F1: 0.8730
      AUC: 0.9093
      AP: 0.7656
      Confusion Matrix:
       6624137, 1467266
       459217, 6624105
    Epoch 12: Accuracy: 0.6701, Precision: 0.6691, Recall: 0.6701, F1: 0.6504, Cohen's Kappa: 0.6269, MCC: 0.6441
    Confusion Matrix:
     6656806,  38369, 268323,  11324, 281551,   6513,    453,    482,2463234, 206994
         259,3324016,    543,1442971,  47604, 137395,     29,    765,   5444,   1452
      332352,  15509,1247509, 242626,      7,  17854,     10,   4789,      5,   1016
      113641,     11,1509338,5306212, 174598, 785779,  24947,     70,      8,   3935
      239428,  15348,    335,     10,6684991, 449590,    191,2478271, 107583,    363
        6408,   6433, 751072,   2655,   2592,6656730,   2317,   5464,1575025, 925240
        7220, 256129,   5761,  16393, 235623,1050800,3329397,  34372,   2040,  30774
         512,    339,  16338,    755, 110045,  24512,    283,1248789, 451440,  10574
      516324,    624,    386, 787017,1137651,   1264,    775, 123955,5306599,  44521
     3146973,    252,     84,    533,    145,  32546,  55312,  20938,  34320,6684959
    Class 0
      Precision: 0.9990
      Recall: 0.9990
      F1: 0.9990
      AUC: 0.9995
      AP: 0.9981
      Confusion Matrix:
       6656806,   6513
         6408, 6656730
    Class 1
      Precision: 1.0000
      Recall: 0.9285
      F1: 0.9629
      AUC: 1.0000
      AP: 0.9285
      Confusion Matrix:
       3324016,     29
       256129, 3329397
    Class 2
      Precision: 0.9962
      Recall: 0.9871
      F1: 0.9916
      AUC: 0.9981
      AP: 0.9833
      Confusion Matrix:
       1247509,   4789
        16338, 1248789
    Class 3
      Precision: 1.0000
      Recall: 0.8708
      F1: 0.9310
      AUC: 1.0000
      AP: 0.8708
      Confusion Matrix:
       5306212,      8
       787017, 5306599
    Class 4
      Precision: 0.9999
      Recall: 1.0000
      F1: 1.0000
      AUC: 1.0000
      AP: 0.9999
      Confusion Matrix:
       6684991,    363
          145, 6684959
    Epoch 13: Accuracy: 0.6765, Precision: 0.6850, Recall: 0.6765, F1: 0.6712, Cohen's Kappa: 0.6341, MCC: 0.7332
    Confusion Matrix:
     6720384,1895806, 203382, 585465,   1100,   4463,  12126,   2923,   8959, 499441
        3499,3355763,  35932, 920374,   1689,    703,   2249,   5831, 536449,  97989
       28980,   1926,1259424,  13313, 537764,   2895,     16,    697,    222,  16440
         732,1209430, 829404,5356891,     20, 477271,   3746,  35565,   5473,      7
      331341,    860,   1606,    886,6748838,1067570, 999278,     98,   1690, 823943
      837315,1308294,   6537, 142293,  15209,6720307,  93066,  87471,   9802, 713642
      227591,   8977, 293939,  70865, 616949,  45962,3361196,   3504, 234978, 104548
        7893,    888,  38839,  19036,   5137,  37535,  29249,1260716, 459274,   5020
       16232,1782900,      1,   3778,      1,   8004,    162,  55406,5357281, 695351
      376763,  16048,  39899,  82639,2358247,  52370,  33908,  73985, 193398,6748805
    Class 0
      Precision: 0.9993
      Recall: 0.8892
      F1: 0.9411
      AUC: 0.9997
      AP: 0.8886
      Confusion Matrix:
       6720384,   4463
       837315, 6720307
    Class 1
      Precision: 0.9993
      Recall: 0.9973
      F1: 0.9983
      AUC: 0.9997
      AP: 0.9967
      Confusion Matrix:
       3355763,   2249
         8977, 3361196
    Class 2
      Precision: 0.9994
      Recall: 0.9701
      F1: 0.9845
      AUC: 0.9997
      AP: 0.9695
      Confusion Matrix:
       1259424,    697
        38839, 1260716
    Class 3
      Precision: 0.9990
      Recall: 0.9993
      F1: 0.9991
      AUC: 0.9995
      AP: 0.9983
      Confusion Matrix:
       5356891,   5473
         3778, 5357281
    Class 4
      Precision: 0.8912
      Recall: 0.7411
      F1: 0.8092
      AUC: 0.9456
      AP: 0.6604
      Confusion Matrix:
       6748838, 823943
       2358247, 6748805
    Epoch 14: Accuracy: 0.6833, Precision: 0.6610, Recall: 0.6833, F1: 0.6548, Cohen's Kappa: 0.6433, MCC: 0.7235
    Confusion Matrix:
     6787935,2025264,  24002,  73831,   7491, 721245,   2294,   1146,   4892, 285949
        4502,3389494,  64841, 318644,      7,   5303,    331, 924402, 252953,      1
         242,  40815,1272083,    102,   6404,   7946,   1049, 529832,    671,   2533
        5334,   2360, 437342,5410737,1319003, 183356, 351902,  61139,   2263, 145103
         253,  23592, 706678, 324300,6816675, 710515,    508,1041720,  15039, 336830
       45731, 103214,   1287,   4092, 159720,6787858, 206576,1223374, 747948, 654136
       10637,    186,  24652, 364852,1131717,  36230,3394982,    849,   3586,    818
       24093, 415061,  77479,    884,    274,  70114,    655,1273388,     85,   1554
     1867267,   1906,     74, 347841,  98708, 105617,    880,  85660,5411131,     32
       33065,1704377,    494,  17061,    695,   8658,  46390,  74741,1273938,6816643
    Class 0
      Precision: 0.9040
      Recall: 0.9933
      F1: 0.9465
      AUC: 0.9520
      AP: 0.8979
      Confusion Matrix:
       6787935, 721245
        45731, 6787858
    Class 1
      Precision: 0.9999
      Recall: 0.9999
      F1: 0.9999
      AUC: 1.0000
      AP: 0.9998
      Confusion Matrix:
       3389494,    331
          186, 3394982
    Class 2
      Precision: 0.7060
      Recall: 0.9426
      F1: 0.8073
      AUC: 0.8531
      AP: 0.6654
      Confusion Matrix:
       1272083, 529832
        77479, 1273388
    Class 3
      Precision: 0.9996
      Recall: 0.9396
      F1: 0.9687
      AUC: 0.9998
      AP: 0.9392
      Confusion Matrix:
       5410737,   2263
       347841, 5411131
    Class 4
      Precision: 0.9529
      Recall: 0.9999
      F1: 0.9758
      AUC: 0.9765
      AP: 0.9528
      Confusion Matrix:
       6816675, 336830
          695, 6816643
    Epoch 15: Accuracy: 0.6902, Precision: 0.6792, Recall: 0.6902, F1: 0.6611, Cohen's Kappa: 0.6510, MCC: 0.6761
    Confusion Matrix:
     6856480,   5674, 234782,   3919,  80423,2217644,   1482,   2337,  49221, 482087
       13910,3423721,  15208,  12329,1054315, 127158,  61618,  21688, 207340,  23191
      479969,   5508,1284929,  20044,   2882,   1202,   9939,   1098,  54519,   1587
      104780,    160,     10,5465375,1207243,      1,     40,1140619,      1,    310
        7048, 102365, 588084,    928,6885511, 266442,   7187, 497795,  80972,1539778
      270405,    194,1371557,  14217,   6764,6856402, 125534, 676586, 612272,      5
      291858,  50814,  47715,  42853,   1379,  18089,3429264,    377,  31276,1054884
      127737,   2344,   5315,   2087, 293648,  44449,  26047,1286247,  72839,   2874
         309,    110,2423367,     77,  16171,    443,   6007,    892,5465773,   5967
      410013,1732891, 180653, 143492, 272416,  71210, 105470, 151491,  22949,6885477
    Class 0
      Precision: 0.7556
      Recall: 0.9621
      F1: 0.8464
      AUC: 0.8778
      AP: 0.7269
      Confusion Matrix:
       6856480, 2217644
       270405, 6856402
    Class 1
      Precision: 0.9823
      Recall: 0.9854
      F1: 0.9838
      AUC: 0.9912
      AP: 0.9680
      Confusion Matrix:
       3423721,  61618
        50814, 3429264
    Class 2
      Precision: 0.9991
      Recall: 0.9959
      F1: 0.9975
      AUC: 0.9996
      AP: 0.9950
      Confusion Matrix:
       1284929,   1098
         5315, 1286247
    Class 3
      Precision: 1.0000
      Recall: 1.0000
      F1: 1.0000
      AUC: 1.0000
      AP: 1.0000
      Confusion Matrix:
       5465375,      1
           77, 5465773
    Class 4
      Precision: 0.8172
      Recall: 0.9619
      F1: 0.8837
      AUC: 0.9086
      AP: 0.7861
      Confusion Matrix:
       6885511, 1539778
       272416, 6885477
    Epoch 16: Accuracy: 0.6942, Precision: 0.6847, Recall: 0.6942, F1: 0.6688, Cohen's Kappa: 0.6563, MCC: 0.7240
    Confusion Matrix:
     6896216,    360,    613,2517938,    895,    533,  15903, 499530,    251,   1810
       74206,3443563, 764724,   2306,   2090,    427, 673119,      1,      1,     41
      233836,  11541,1292376,    379,  54278,    339,   2520,     54, 264830,   1524
     1005614,     29,   3445,5497049, 216863,   4850,  16539,1169188,   4699,    263
         211,    460,   1004,  53179,6925415,  17455,   8734,    272,2966158,   3222
      148546,1486242,  23791, 715485, 267533,6896138,  95909,  35387, 228321,  36584
      163429,  25420,  64412,  11611, 190971,   1409,3449138, 146432,  98179, 817508
        2973, 174790, 138659,    353,    593, 231412,    401,1293702,     38,  20666
      732837,    155,     71,    839,    130,    550,   2855,1682817,5497450,   1412
       51280, 475868,    734, 324233,   5132, 222937,  28524,1927612,  14360,6925382
    Class 0
      Precision: 0.9999
      Recall: 0.9789
      F1: 0.9893
      AUC: 1.0000
      AP: 0.9788
      Confusion Matrix:
       6896216,    533
       148546, 6896138
    Class 1
      Precision: 0.8365
      Recall: 0.9927
      F1: 0.9079
      AUC: 0.9184
      AP: 0.8304
      Confusion Matrix:
       3443563, 673119
        25420, 3449138
    Class 2
      Precision: 1.0000
      Recall: 0.9031
      F1: 0.9491
      AUC: 1.0000
      AP: 0.9031
      Confusion Matrix:
       1292376,     54
       138659, 1293702
    Class 3
      Precision: 0.9991
      Recall: 0.9998
      F1: 0.9995
      AUC: 0.9996
      AP: 0.9990
      Confusion Matrix:
       5497049,   4699
          839, 5497450
    Class 4
      Precision: 0.9995
      Recall: 0.9993
      F1: 0.9994
      AUC: 0.9998
      AP: 0.9988
      Confusion Matrix:
       6925415,   3222
         5132, 6925382
    Epoch 17: Accuracy: 0.7020, Precision: 0.6859, Recall: 0.7020, F1: 0.6857, Cohen's Kappa: 0.6626, MCC: 0.7038
    Confusion Matrix:
     6973702,   5239,   3187,  16356,    270,2814977,   6745,    243, 112571,    759
         180,3482255, 375100,    575,     79, 360938, 622683, 100222,  18377,     69
         592,   6997,1306897,    494,   1529,   1961, 441670,   2522,     11,  99004
     1376476,     93,   4974,5558814, 580859, 147541,  60547, 172069,   9529,   7637
      133506,1520433,  11156, 164455,7003229, 129125,   3477,  16776,   6925, 987028
         140,1131216,  24649,    178,  27545,6973623, 435471,   3085,  38726,1299303
      619236, 677722,  59691,  17871,   1797,  42039,3487893,   3795,   1535,  56930
         654,      8,     40,     44, 516820,     26,  37565,1308238,     62,    130
       24925,  23775, 651769,  89115,   3283, 505129,1018429,  11878,5559219,  31594
     1325804,     28, 129608, 798615,   8887,   3333,  27044, 678040,   1508,7003195
    Class 0
      Precision: 0.7124
      Recall: 1.0000
      F1: 0.8321
      AUC: 0.8562
      AP: 0.7124
      Confusion Matrix:
       6973702, 2814977
          140, 6973623
    Class 1
      Precision: 0.8483
      Recall: 0.8371
      F1: 0.8427
      AUC: 0.9243
      AP: 0.7101
      Confusion Matrix:
       3482255, 622683
       677722, 3487893
    Class 2
      Precision: 0.9981
      Recall: 1.0000
      F1: 0.9990
      AUC: 0.9990
      AP: 0.9980
      Confusion Matrix:
       1306897,   2522
           40, 1308238
    Class 3
      Precision: 0.9983
      Recall: 0.9842
      F1: 0.9912
      AUC: 0.9991
      AP: 0.9825
      Confusion Matrix:
       5558814,   9529
        89115, 5559219
    Class 4
      Precision: 0.8765
      Recall: 0.9987
      F1: 0.9336
      AUC: 0.9382
      AP: 0.8754
      Confusion Matrix:
       7003229, 987028
         8887, 7003195
    Epoch 18: Accuracy: 0.7080, Precision: 0.6720, Recall: 0.7080, F1: 0.6719, Cohen's Kappa: 0.6715, MCC: 0.6943
    Confusion Matrix:
     7033306,   1319,    321, 869743,  89651, 596873,1240195,  99763,   1412,   1466
          22,3512018,1427979,     39,     30,  18885,   1173,    199,      3,    130
       15445, 215349,1318067,  10085, 116146,  25725,   4438,  13475, 102282,  40665
       21691,1007721,      9,5606325,    567,   2391,     26,1278955,     56,    798
     1123613,    244,   5443, 286621,7063085,   3059,    214, 649842, 818532,  25457
       10037,   2814, 507144, 166180,    142,7033226,2070180,    720, 120708,  22785
       18820,   4004, 195275,   4309,1173359,  16784,3517704,   3192,  22870,  12192
       13400, 184358,   9155,   2961,   3028,  11015,  59416,1319419, 251227,   9608
      419925,    188,  32344, 140335,1579639,  23960, 109292,    762,5606734,   5937
      325177,2579831,    177,    761,   4018,    254,    606,    621,   1566,7063051
    Class 0
      Precision: 0.9218
      Recall: 0.9986
      F1: 0.9586
      AUC: 0.9609
      AP: 0.9205
      Confusion Matrix:
       7033306, 596873
        10037, 7033226
    Class 1
      Precision: 0.9997
      Recall: 0.9989
      F1: 0.9993
      AUC: 0.9998
      AP: 0.9985
      Confusion Matrix:
       3512018,   1173
         4004, 3517704
    Class 2
      Precision: 0.9899
      Recall: 0.9931
      F1: 0.9915
      AUC: 0.9949
      AP: 0.9831
      Confusion Matrix:
       1318067,  13475
         9155, 1319419
    Class 3
      Precision: 1.0000
      Recall: 0.9756
      F1: 0.9876
      AUC: 1.0000
      AP: 0.9756
      Confusion Matrix:
       5606325,     56
       140335, 5606734
    Class 4
      Precision: 0.9964
      Recall: 0.9994
      F1: 0.9979
      AUC: 0.9982
      AP: 0.9958
      Confusion Matrix:
       7063085,  25457
         4018, 7063051
    Epoch 19: Accuracy: 0.7150, Precision: 0.6837, Recall: 0.7150, F1: 0.6815, Cohen's Kappa: 0.6795, MCC: 0.6664
    Confusion Matrix:
     7102845,    709,   1032,   2835,  12706,   3096,  64009,2386881, 281737,  78199
         486,3546741, 765455,   1989,  89009, 211670,  31405, 256441,  57049,    233
          11,   2514,1331099,   3218,    745,  58643,     94,  54113, 411122,    118
      110144,    738,   6767,5661755, 349849,    539,   1790,   7030,1778473,   1454
      202515,  62542,  41430,  41051,7132918, 240211,1539234, 276981, 430664,   8564
         131,  59613,  20469, 616625,1529612,7102764,  14533, 583647,    212,   6330
       45381,   1525, 136375, 592299,   2462, 635276,3552483,    492,    106,   2110
      100150,  18283,   2894,  66242,  66666,   3299, 195982,1332464,  41852,  35755
       21227, 446788,  38292,  52896,  20799,  73176,1333834, 111081,5662167, 158856
       18233,2242018,  18824, 414347,  13206,  48194,  16448,  23850,  48058,7132884
    Class 0
      Precision: 0.9996
      Recall: 1.0000
      F1: 0.9998
      AUC: 0.9998
      AP: 0.9995
      Confusion Matrix:
       7102845,   3096
          131, 7102764
    Class 1
      Precision: 0.9912
      Recall: 0.9996
      F1: 0.9954
      AUC: 0.9956
      AP: 0.9908
      Confusion Matrix:
       3546741,  31405
         1525, 3552483
    Class 2
      Precision: 0.9609
      Recall: 0.9978
      F1: 0.9790
      AUC: 0.9805
      AP: 0.9589
      Confusion Matrix:
       1331099,  54113
         2894, 1332464
    Class 3
      Precision: 0.7610
      Recall: 0.9907
      F1: 0.8608
      AUC: 0.8805
      AP: 0.7539
      Confusion Matrix:
       5661755, 1778473
        52896, 5662167
    Class 4
      Precision: 0.9988
      Recall: 0.9982
      F1: 0.9985
      AUC: 0.9994
      AP: 0.9970
      Confusion Matrix:
       7132918,   8564
        13206, 7132884
    Epoch 20: Accuracy: 0.7187, Precision: 0.6821, Recall: 0.7187, F1: 0.6878, Cohen's Kappa: 0.6822, MCC: 0.6656
    Confusion Matrix:
     7139601,  17750, 854219,1119872,  68384,  19806, 387495, 255905,   2252,  68765
        1551,3565095,  10236, 355064,   6476, 138216,  50462, 444613, 386576,   2189
        2167,     11,1337987, 285945, 189783,    550,      1,      1,   2508,  42724
         795,    606,  48008,5691053,2154992,   1658,   7114,    979,   1407,  11927
        7136,   2832,1006970,   6109,7169830,   6323,  17552, 303719, 316130,1139509
       55994,1409609,  45446,  13336,   4178,7139519, 221614, 624826, 388629,  30785
      534191,  26801,   3589,   6298,   9796,   6020,3570867, 584330,  77325, 149292
       62688,   7416, 223342,  51322,  58821, 106750,   1129,1339359,   5592,   7168
          44,    299,  15123, 345297,   1064, 260751,    399,    682,5691468,1603989
         465,    221,    118,  30365,   1577,1999477, 662752, 101178,  10114,7169795
    Class 0
      Precision: 0.9972
      Recall: 0.9922
      F1: 0.9947
      AUC: 0.9986
      AP: 0.9895
      Confusion Matrix:
       7139601,  19806
        55994, 7139519
    Class 1
      Precision: 0.9860
      Recall: 0.9925
      F1: 0.9893
      AUC: 0.9930
      AP: 0.9787
      Confusion Matrix:
       3565095,  50462
        26801, 3570867
    Class 2
      Precision: 1.0000
      Recall: 0.8570
      F1: 0.9230
      AUC: 1.0000
      AP: 0.8570
      Confusion Matrix:
       1337987,      1
       223342, 1339359
    Class 3
      Precision: 0.9998
      Recall: 0.9428
      F1: 0.9704
      AUC: 0.9999
      AP: 0.9426
      Confusion Matrix:
       5691053,   1407
       345297, 5691468
    Class 4
      Precision: 0.8629
      Recall: 0.9998
      F1: 0.9263
      AUC: 0.9314
      AP: 0.8627
      Confusion Matrix:
       7169830, 1139509
         1577, 7169795