Ablation Type: learnable_pos_enc
==================================================
Epoch Results:
    Epoch 1: Accuracy: 0.7500, Precision: 0.7124, Recall: 0.7500, F1: 0.7136, Cohen's Kappa: 0.7186, MCC: 0.8103
    Confusion Matrix:
     7450536,    367,   8758,   2433,  46479,    926,2161959, 247132,   2499,  12960
        2393,3720358,   1639, 957782,  92326,  27077,   7170,   2916,   2265, 146552
      301239,  19092,1396257,    560,    567,     30,    279,   4632, 122404,  16617
       38465,    278,    869,5938904,  64963,   2458,   1029,1029071, 830516,  11986
     2392807,     26,  12032,     34,7482082,  38858,  23643,  26082,    367,    179
        2873, 469977, 945782, 175766, 312322,7450452, 342752, 189036,  44693,    283
         546, 835026,  67091,  14807,  79292,    873,3726381, 176092,   1369,  67032
         239, 277643,  31608,   1361,    548,  40571,  10376,1397690,  13693,  89858
         529, 376890, 772387, 703852,   6468, 116028,    176,    662,5939337,   2787
          79,    203, 290306,   6550,  54702,    368,1989665, 151824,    319,7482046
    Class 0
      Precision: 0.9999
      Recall: 0.9996
      F1: 0.9997
      AUC: 0.9999
      AP: 0.9995
      Confusion Matrix:
       7450536,    926
         2873, 7450452
    Class 1
      Precision: 0.9981
      Recall: 0.8167
      F1: 0.8983
      AUC: 0.9990
      AP: 0.8151
      Confusion Matrix:
       3720358,   7170
       835026, 3726381
    Class 2
      Precision: 0.9967
      Recall: 0.9779
      F1: 0.9872
      AUC: 0.9983
      AP: 0.9746
      Confusion Matrix:
       1396257,   4632
        31608, 1397690
    Class 3
      Precision: 0.8773
      Recall: 0.8940
      F1: 0.8856
      AUC: 0.9387
      AP: 0.7844
      Confusion Matrix:
       5938904, 830516
       703852, 5939337
    Class 4
      Precision: 1.0000
      Recall: 0.9927
      F1: 0.9963
      AUC: 1.0000
      AP: 0.9927
      Confusion Matrix:
       7482082,    179
        54702, 7482046
    Epoch 2: Accuracy: 0.7558, Precision: 0.7221, Recall: 0.7558, F1: 0.7292, Cohen's Kappa: 0.7241, MCC: 0.8169
    Confusion Matrix:
     7508154, 468486, 348727,  35652,  11210, 130001, 814407,  54709, 319176, 243527
         852,3749129,   2469, 505924, 282127,  19618,    321,   2047, 380755,  17236
      221776, 217276,1407055,     77,    397,   2401,   3576,   2147,    110,   6862
      103418,  15549,  14520,5984831, 540799, 131960,  11468, 207647,  33945, 874402
     1046554,   1140,    485,1132371,7539943, 122448,  99860,  17244,  15928,    137
       46335,1220097, 543426,  10383,  29366,7508068, 161462, 232129,  32183, 150487
        2268,  47759,  15292,  46921, 745550,  93394,3755199,  17342,   5408, 239376
         448, 128099,   6800,   7941,   2269,   1903, 162482,1408499, 145074,     72
      187225,  22417, 245413, 716823,   7747,  25631,  93737, 179659,5985267, 455197
       81530,   8216,1434629, 188228,  19165,  32609, 171378,  15064, 485336,7539907
    Class 0
      Precision: 0.9830
      Recall: 0.9939
      F1: 0.9884
      AUC: 0.9915
      AP: 0.9770
      Confusion Matrix:
       7508154, 130001
        46335, 7508068
    Class 1
      Precision: 0.9999
      Recall: 0.9874
      F1: 0.9936
      AUC: 1.0000
      AP: 0.9873
      Confusion Matrix:
       3749129,    321
        47759, 3755199
    Class 2
      Precision: 0.9985
      Recall: 0.9952
      F1: 0.9968
      AUC: 0.9992
      AP: 0.9937
      Confusion Matrix:
       1407055,   2147
         6800, 1408499
    Class 3
      Precision: 0.9944
      Recall: 0.8930
      F1: 0.9410
      AUC: 0.9972
      AP: 0.8880
      Confusion Matrix:
       5984831,  33945
       716823, 5985267
    Class 4
      Precision: 1.0000
      Recall: 0.9975
      F1: 0.9987
      AUC: 1.0000
      AP: 0.9974
      Confusion Matrix:
       7539943,    137
        19165, 7539907
    Epoch 3: Accuracy: 0.7582, Precision: 0.7634, Recall: 0.7582, F1: 0.7444, Cohen's Kappa: 0.7268, MCC: 0.7848
    Confusion Matrix:
     7531995,   3095,   4637,  71624,  50922,2142814,   1866, 109606,   1545,  15945
          33,3761034,1181863,     88,     95,     26,  13388,   3784,    137,     30
        1720,    829,1411523, 106611,   4907,  74311,  15965,  11490,    776, 233545
       76695,  16010,  45908,6003836, 900311,  38561,  66582,  45334, 182113, 543189
         493,    422,1635266,     25,7563886,    569,     24,   6280,   3800, 765345
     1490689,   3136,     40,  94150,      7,7531910, 486706,      2, 327290,      6
       47240,      8,    693,1010406, 136405,     53,3767123,    135,   4237,   2209
          61,     57, 189371,   5255,    638, 163928,   5279,1412971,  63389,  22638
       53039,   3862,1389252,    714,     98,  24906, 328369,   1028,6004273, 113575
       23673, 189257, 202572,1401398,  98513, 123868,  98287,  69717, 204927,7563850
    Class 0
      Precision: 0.7785
      Recall: 0.8348
      F1: 0.8057
      AUC: 0.8893
      AP: 0.6499
      Confusion Matrix:
       7531995, 2142814
       1490689, 7531910
    Class 1
      Precision: 0.9965
      Recall: 1.0000
      F1: 0.9982
      AUC: 0.9982
      AP: 0.9965
      Confusion Matrix:
       3761034,  13388
            8, 3767123
    Class 2
      Precision: 0.9919
      Recall: 0.8817
      F1: 0.9336
      AUC: 0.9960
      AP: 0.8746
      Confusion Matrix:
       1411523,  11490
       189371, 1412971
    Class 3
      Precision: 0.9706
      Recall: 0.9999
      F1: 0.9850
      AUC: 0.9853
      AP: 0.9704
      Confusion Matrix:
       6003836, 182113
          714, 6004273
    Class 4
      Precision: 0.9081
      Recall: 0.9871
      F1: 0.9460
      AUC: 0.9541
      AP: 0.8964
      Confusion Matrix:
       7563886, 765345
        98513, 7563850
    Epoch 4: Accuracy: 0.7631, Precision: 0.7669, Recall: 0.7631, F1: 0.7446, Cohen's Kappa: 0.7332, MCC: 0.7951
    Confusion Matrix:
     7580672, 569847,  17017,    855, 834311,   1320,    842,   6726, 844300,  78159
       29933,3785340,  46185,    401,   1587,  48385, 235889,    380,  92795, 719583
        6877,    244,1420645,    667,  15701, 114029,  88156,  85279,   3695, 126384
        1798,   1794, 611343,6042637, 127356,  68949, 369677,  28415, 662619,   3951
      298953,2055805,   1008,    556,7612769,   2773,     24,     25,     54,   4143
        9766,      7,1552503,      4,  15740,7580586,   6396,      3, 692760,  76171
       44979,    103,1059468,     32,    182,  72179,3791469,     49,     40,      8
         906,     74,   8025,  56150,   7813, 101046,    542,1422103, 264338,   2590
       11093, 113898, 143696,  57975, 124101,1412390,   1998,    367,6043077,  10521
       11725, 232321,1626625, 276976,  70415,  86248,  18507,   3643,  36870,7612732
    Class 0
      Precision: 0.9998
      Recall: 0.9987
      F1: 0.9993
      AUC: 0.9999
      AP: 0.9985
      Confusion Matrix:
       7580672,   1320
         9766, 7580586
    Class 1
      Precision: 0.9413
      Recall: 1.0000
      F1: 0.9698
      AUC: 0.9707
      AP: 0.9413
      Confusion Matrix:
       3785340, 235889
          103, 3791469
    Class 2
      Precision: 0.9434
      Recall: 0.9944
      F1: 0.9682
      AUC: 0.9717
      AP: 0.9381
      Confusion Matrix:
       1420645,  85279
         8025, 1422103
    Class 3
      Precision: 0.9012
      Recall: 0.9905
      F1: 0.9437
      AUC: 0.9506
      AP: 0.8926
      Confusion Matrix:
       6042637, 662619
        57975, 6043077
    Class 4
      Precision: 0.9995
      Recall: 0.9908
      F1: 0.9951
      AUC: 0.9997
      AP: 0.9903
      Confusion Matrix:
       7612769,   4143
        70415, 7612732
    Epoch 5: Accuracy: 0.7696, Precision: 0.7570, Recall: 0.7696, F1: 0.7432, Cohen's Kappa: 0.7407, MCC: 0.7662
    Confusion Matrix:
     7645244, 470239, 417425,    756,    288, 525943,   1615, 861707,   3160,   7672
        1299,3817583,  13567,  91849,1015106,    437,  17354,    253,    465,   2565
       30140, 110777,1432746, 119625,   1759,    974, 117023,   4727,    182,  43724
       15972,   4796,1002281,6094107,   4590,   2455, 323183,  15895, 447642,   7618
        5405,   2733,2041125,   8627,7677614,   4784,   2101,  19964, 144188,  69569
       42566, 496768,   7230,  44697,   4122,7645157,    857,   7392,    517,1684630
      517226,    293,  74785, 182423,  46864,  21530,3823764,  37414,  51901, 212309
         725,  16038,   3351, 144743,   1616, 164843,   6374,1434216,  55810,  35871
      528684,      1,     46,1231258,      3,  64514,     49,      3,6094551,      7
         152,   1204,2263985,  20337,   2464,    655,    114,   9283,    291,7677577
    Class 0
      Precision: 0.9356
      Recall: 0.9945
      F1: 0.9642
      AUC: 0.9678
      AP: 0.9305
      Confusion Matrix:
       7645244, 525943
        42566, 7645157
    Class 1
      Precision: 0.9955
      Recall: 0.9999
      F1: 0.9977
      AUC: 0.9977
      AP: 0.9954
      Confusion Matrix:
       3817583,  17354
          293, 3823764
    Class 2
      Precision: 0.9967
      Recall: 0.9977
      F1: 0.9972
      AUC: 0.9984
      AP: 0.9944
      Confusion Matrix:
       1432746,   4727
         3351, 1434216
    Class 3
      Precision: 0.9316
      Recall: 0.8319
      F1: 0.8789
      AUC: 0.9658
      AP: 0.7750
      Confusion Matrix:
       6094107, 447642
       1231258, 6094551
    Class 4
      Precision: 0.9910
      Recall: 0.9997
      F1: 0.9953
      AUC: 0.9955
      AP: 0.9907
      Confusion Matrix:
       7677614,  69569
         2464, 7677577
    Epoch 6: Accuracy: 0.7755, Precision: 0.7487, Recall: 0.7755, F1: 0.7466, Cohen's Kappa: 0.7468, MCC: 0.7395
    Confusion Matrix:
     7703854, 159315,   4985,   1649,  65487, 230820,1288046, 474170,   2341,   3382
          57,3846850,1038162,   5375,   8841,    353,  25448,     85,  34255,   1052
         110,    159,1443730,    234,   7912,      3,     20, 409503,      3,      3
       18191,   9433,  15056,6140826,   9630,1219357, 459332,   5423,  39074,   2217
        1422,      4,     63,      7,7736473,    440,1714741,  74586,     22, 448352
         169, 299719,    607, 107148, 430639,7703767, 918871, 418666,   4143,  50207
       93688,     87,  40149, 423801,     55, 151912,3853078, 404274,   1208,    257
          17, 137338,    786,      2,      4,    182,      7,1445211, 113274, 166766
       51925, 285653, 224021,   9082,  96872,   4183, 725487, 136106,6141274, 244513
         563,   1740,   4799,   4286,1934130,  11565,   5836,    417, 276290,7736436
    Class 0
      Precision: 0.9709
      Recall: 1.0000
      F1: 0.9852
      AUC: 0.9855
      AP: 0.9709
      Confusion Matrix:
       7703854, 230820
          169, 7703767
    Class 1
      Precision: 0.9934
      Recall: 1.0000
      F1: 0.9967
      AUC: 0.9967
      AP: 0.9934
      Confusion Matrix:
       3846850,  25448
           87, 3853078
    Class 2
      Precision: 0.7790
      Recall: 0.9995
      F1: 0.8756
      AUC: 0.8896
      AP: 0.7786
      Confusion Matrix:
       1443730, 409503
          786, 1445211
    Class 3
      Precision: 0.9937
      Recall: 0.9985
      F1: 0.9961
      AUC: 0.9968
      AP: 0.9922
      Confusion Matrix:
       6140826,  39074
         9082, 6141274
    Class 4
      Precision: 0.9452
      Recall: 0.8000
      F1: 0.8666
      AUC: 0.9726
      AP: 0.7562
      Confusion Matrix:
       7736473, 448352
       1934130, 7736436
    Epoch 7: Accuracy: 0.7770, Precision: 0.7356, Recall: 0.7770, F1: 0.7426, Cohen's Kappa: 0.7482, MCC: 0.7364
    Confusion Matrix:
     7718756,  29360, 412282,  45729,   4944, 599317, 476066,    786, 611514,  35295
      103583,3854291, 453051, 223717,   3076,  10866,   2926,   1366, 196065, 111537
       35336,  88101,1446523,  19649, 123178,    124,     50,   4645,  74933,  69138
         550,    150,   1373,6152704,   5460,1520491,   1590,  54187, 161765,  20269
          90,    114,  14189,     17,7751437,    163,    909,2194965,  14224,      2
      144793, 101226, 157405, 886013, 230900,7718668, 324402, 153801,   5332, 211396
       45711,   3316, 615628, 169137, 196449,   1366,3860531,  76189,     85,     97
         153,      6,    642, 287839,    597,     12,     20,1448007, 126308,      3
      344460,1365126,   3370,  40317,    181,   8691,    217,   3558,6153153,     43
       17159,   1610,  91941,  10336,1810923,  92112, 102963,  89867,   7751,7751400
    Class 0
      Precision: 0.9280
      Recall: 0.9816
      F1: 0.9540
      AUC: 0.9640
      AP: 0.9109
      Confusion Matrix:
       7718756, 599317
       144793, 7718668
    Class 1
      Precision: 0.9992
      Recall: 0.9991
      F1: 0.9992
      AUC: 0.9996
      AP: 0.9984
      Confusion Matrix:
       3854291,   2926
         3316, 3860531
    Class 2
      Precision: 0.9968
      Recall: 0.9996
      F1: 0.9982
      AUC: 0.9984
      AP: 0.9964
      Confusion Matrix:
       1446523,   4645
          642, 1448007
    Class 3
      Precision: 0.9744
      Recall: 0.9935
      F1: 0.9838
      AUC: 0.9872
      AP: 0.9680
      Confusion Matrix:
       6152704, 161765
        40317, 6153153
    Class 4
      Precision: 1.0000
      Recall: 0.8106
      F1: 0.8954
      AUC: 1.0000
      AP: 0.8106
      Confusion Matrix:
       7751437,      2
       1810923, 7751400
    Epoch 8: Accuracy: 0.7838, Precision: 0.7511, Recall: 0.7838, F1: 0.7462, Cohen's Kappa: 0.7568, MCC: 0.7844
    Confusion Matrix:
     7786307,  64198, 160465,   6016, 819766,  75954, 934403,  59319,  21900,   5721
       93327,3888022, 163674, 647555,   1961,   1194,    435, 151195,  11739,   1376
        2580,   8725,1459182,   1925,     98,   1198,    741,  46673, 287698,  52857
       44783,  27882,   2645,6206550,  22802,   3088,  31439,1523656,   1583,  54111
      185209, 439910,    627,   3370,7819275,  28220,   1245, 900123, 594579,   3552
      328377,    489,      5, 423398, 155380,7786219,  80053,  57046,   3487,1099482
      297850, 218809, 231703,   2329, 152637, 162710,3894317,   4367,   1832,   1955
       75376,   3096,     14, 319433,   4769,     38,     79,1460679,      3,    100
        7458,      7,1081258,      2,      8,   6341, 123288, 491512,6207003,   2239
         251, 289545,   2583,  90561,    134,   1820,  10698,1760805,    428,7819237
    Class 0
      Precision: 0.9903
      Recall: 0.9595
      F1: 0.9747
      AUC: 0.9952
      AP: 0.9503
      Confusion Matrix:
       7786307,  75954
       328377, 7786219
    Class 1
      Precision: 0.9999
      Recall: 0.9467
      F1: 0.9726
      AUC: 0.9999
      AP: 0.9466
      Confusion Matrix:
       3888022,    435
       218809, 3894317
    Class 2
      Precision: 0.9690
      Recall: 1.0000
      F1: 0.9843
      AUC: 0.9845
      AP: 0.9690
      Confusion Matrix:
       1459182,  46673
           14, 1460679
    Class 3
      Precision: 0.9997
      Recall: 1.0000
      F1: 0.9999
      AUC: 0.9999
      AP: 0.9997
      Confusion Matrix:
       6206550,   1583
            2, 6207003
    Class 4
      Precision: 0.9995
      Recall: 1.0000
      F1: 0.9998
      AUC: 0.9998
      AP: 0.9995
      Confusion Matrix:
       7819275,   3552
          134, 7819237
    Epoch 9: Accuracy: 0.7893, Precision: 0.7962, Recall: 0.7893, F1: 0.7703, Cohen's Kappa: 0.7629, MCC: 0.7742
    Confusion Matrix:
     7840944,  15039,   2032,1795734,     99,    182,  50340,    532,    518, 228629
        1767,3915305, 893990,   1117,  58724,  24960,  11632,  28400,  21685,   2898
         368,  18438,1469421, 168234,  42314,  12415,    131,    120,  74195,  76041
       21793,   2284,1613604,6250102,   8637,  20844,    401,     44,      3,    827
      214553,  45488,1347374,   4251,7874143, 378248,    212, 111642,     25,    174
      935643,   5253, 753784,  54622,   1019,7840855,      5, 266393,     43,  76319
      715442,     47,   6929,   3783,    110, 134032,3921644,     21,  40387, 146114
        2321,    585,     36,    410,  62665,    713, 121377,1470929,  19419, 185132
       12734, 360915, 893901,  59406,     12, 238778,  58709,   1052,6250558,  43051
       18602,    879, 929160, 679579,  77278,    447, 239858, 123396,  32758,7874105
    Class 0
      Precision: 1.0000
      Recall: 0.8934
      F1: 0.9437
      AUC: 1.0000
      AP: 0.8934
      Confusion Matrix:
       7840944,    182
       935643, 7840855
    Class 1
      Precision: 0.9970
      Recall: 1.0000
      F1: 0.9985
      AUC: 0.9985
      AP: 0.9970
      Confusion Matrix:
       3915305,  11632
           47, 3921644
    Class 2
      Precision: 0.9999
      Recall: 1.0000
      F1: 0.9999
      AUC: 1.0000
      AP: 0.9999
      Confusion Matrix:
       1469421,    120
           36, 1470929
    Class 3
      Precision: 1.0000
      Recall: 0.9906
      F1: 0.9953
      AUC: 1.0000
      AP: 0.9906
      Confusion Matrix:
       6250102,      3
        59406, 6250558
    Class 4
      Precision: 1.0000
      Recall: 0.9903
      F1: 0.9951
      AUC: 1.0000
      AP: 0.9903
      Confusion Matrix:
       7874143,    174
        77278, 7874105
    Epoch 10: Accuracy: 0.7942, Precision: 0.7599, Recall: 0.7942, F1: 0.7605, Cohen's Kappa: 0.7679, MCC: 0.7404
    Confusion Matrix:
     7889621, 259783,   5006,   3433,  18098,1164291,  50421,  45424, 495700,   2272
        2274,3939611,    104,  48049,     19,   1591,    866, 563423, 399852,   4689
       54671,  92972,1478543,    600,   1556,   2253, 223271,   4366,   3210,    235
          45,    190,1411648,6288903,   2341,     16, 188085,    126,  17942,   9243
       10046,  11811,  87302,   3643,7923026, 956267, 862223,    926,    668, 120198
      301447,  13228, 428799,   4319,  15436,7889531, 561428,  16610, 689092,  14046
        5142,   1033, 212387,   9319, 160957,  18199,3945989, 181339, 184828, 249316
        3804,     13,    249,   1003,    664, 260518,  41857,1480060,  70524,   4895
         336,      6,   3665,    129,    702,    190,1370636,  40745,6289361, 213346
      201878,  27618, 351298, 261222,  70233, 292831, 150723, 614546,  82725,7922988
    Class 0
      Precision: 0.8714
      Recall: 0.9632
      F1: 0.9150
      AUC: 0.9357
      AP: 0.8393
      Confusion Matrix:
       7889621, 1164291
       301447, 7889531
    Class 1
      Precision: 0.9998
      Recall: 0.9997
      F1: 0.9998
      AUC: 0.9999
      AP: 0.9995
      Confusion Matrix:
       3939611,    866
         1033, 3945989
    Class 2
      Precision: 0.9971
      Recall: 0.9998
      F1: 0.9984
      AUC: 0.9985
      AP: 0.9969
      Confusion Matrix:
       1478543,   4366
          249, 1480060
    Class 3
      Precision: 0.9972
      Recall: 1.0000
      F1: 0.9986
      AUC: 0.9986
      AP: 0.9971
      Confusion Matrix:
       6288903,  17942
          129, 6289361
    Class 4
      Precision: 0.9851
      Recall: 0.9912
      F1: 0.9881
      AUC: 0.9925
      AP: 0.9764
      Confusion Matrix:
       7923026, 120198
        70233, 7922988
    Epoch 11: Accuracy: 0.7955, Precision: 0.7602, Recall: 0.7955, F1: 0.7586, Cohen's Kappa: 0.7700, MCC: 0.7564
    Confusion Matrix:
     7902535,1748970,    296, 252275,   3825,     29,   8964,  16989,    159,      7
       24745,3946060, 879186,      2,  35884,   7973,  50660,    111,     64,  15793
         327,   2526,1480964,    188,   1884,   1677, 365495,   3883,   1672,   3061
       28570,  59182, 491528,6299197, 256336, 328219, 146011, 247561,  45747,  16188
        3856,2000379,    608,   3101,7935995,  22366,   5483,   1448,   1047,   1827
        6137,  10464,  18200, 355502,  16149,7902446,1245405,  15196, 161259, 203178
      539995,   3200,  90810,  59500,    934,  63109,3952448, 192436,  11283,  54794
        7858,   3116, 320746,   5492,    962,  26391,  10448,1482483,   5584,    507
       43566,  68956,   5377, 703323, 231267,  55146,  18467, 430054,6299656,  63304
        1777, 184373,1558674, 171458,  46581,   7329,   1067,  31541,  37305,7935957
    Class 0
      Precision: 1.0000
      Recall: 0.9992
      F1: 0.9996
      AUC: 1.0000
      AP: 0.9992
      Confusion Matrix:
       7902535,     29
         6137, 7902446
    Class 1
      Precision: 0.9873
      Recall: 0.9992
      F1: 0.9932
      AUC: 0.9937
      AP: 0.9865
      Confusion Matrix:
       3946060,  50660
         3200, 3952448
    Class 2
      Precision: 0.9974
      Recall: 0.8220
      F1: 0.9012
      AUC: 0.9987
      AP: 0.8198
      Confusion Matrix:
       1480964,   3883
       320746, 1482483
    Class 3
      Precision: 0.9928
      Recall: 0.8996
      F1: 0.9439
      AUC: 0.9964
      AP: 0.8931
      Confusion Matrix:
       6299197,  45747
       703323, 6299656
    Class 4
      Precision: 0.9998
      Recall: 0.9942
      F1: 0.9970
      AUC: 0.9999
      AP: 0.9939
      Confusion Matrix:
       7935995,   1827
        46581, 7935957
    Epoch 12: Accuracy: 0.8030, Precision: 0.7893, Recall: 0.8030, F1: 0.7859, Cohen's Kappa: 0.7772, MCC: 0.7363
    Confusion Matrix:
     7977041,   3000,1116001,    283,  19804,  66945,   5520,   4386, 133303, 607766
       21494,3983263, 884730,   2551,   1076,  63007,    352,    116,    415,   3474
         120,   2559,1494926,     10,  25106,    241, 100581,      2,     28, 238104
       66359,1426232,   1754,6358586,    747,  11701,    935,  30571,   2669,  18985
        6105,1509641,  14637,    288,8010816, 433450,     21,      6,   1087,     59
        6375,   4208,   9488, 394552,1115976,7976950, 392701,    665,  32564,    457
       75077,  38090,    802, 656704, 121188,   2983,3989712,   4667,  66208,  13078
       62737,  15457,    153,  41670, 193717,   3319,   1303,1496460,  12323,  36448
         666,  95296,    633,  73186, 234941,  43363,1087888,  24003,6359050,     90
     1714458,    440,      4,  38461,  91955,  68285,  15969,    200,  35513,8010777
    Class 0
      Precision: 0.9917
      Recall: 0.9992
      F1: 0.9954
      AUC: 0.9958
      AP: 0.9909
      Confusion Matrix:
       7977041,  66945
         6375, 7976950
    Class 1
      Precision: 0.9999
      Recall: 0.9905
      F1: 0.9952
      AUC: 1.0000
      AP: 0.9904
      Confusion Matrix:
       3983263,    352
        38090, 3989712
    Class 2
      Precision: 1.0000
      Recall: 0.9999
      F1: 0.9999
      AUC: 1.0000
      AP: 0.9999
      Confusion Matrix:
       1494926,      2
          153, 1496460
    Class 3
      Precision: 0.9996
      Recall: 0.9886
      F1: 0.9941
      AUC: 0.9998
      AP: 0.9882
      Confusion Matrix:
       6358586,   2669
        73186, 6359050
    Class 4
      Precision: 1.0000
      Recall: 0.9887
      F1: 0.9943
      AUC: 1.0000
      AP: 0.9886
      Confusion Matrix:
       8010816,     59
        91955, 8010777
    Epoch 13: Accuracy: 0.8070, Precision: 0.7650, Recall: 0.8070, F1: 0.7700, Cohen's Kappa: 0.7821, MCC: 0.8256
    Confusion Matrix:
     8016777,    518, 241922,    453, 363566,   2694,    413, 219455,1084068,   4183
      150423,4003105, 550515,   8142,     98,     37,  49904, 169467,  28769,     18
         458,    322,1502373,  73261,  29368, 181808,    226,   3555,   2983,  67323
      146057, 220260, 128084,6390260,   2599,  53152,  10723,  56345,  75242, 835817
       12599,  94399, 135309,   4526,8050720,     49,  12446,1665370,    283,    409
      919265,   1231, 648970, 269287,  38961,8016686,  31817,   4007,   1726,   1986
        5387,   2841,  28703,  34692,  23487, 591782,4009586,   2019, 157534, 112478
        2167,  26838,  62949, 136003,  62668,   2212,    957,1503914,  65836,     43
       50714,     38,   1658,  20657, 122482,  16696,1121972,   1137,6390726, 193036
      667260, 109801, 811713,  14027,   9406, 195630,  35724,  12397,  69422,8050682
    Class 0
      Precision: 0.9997
      Recall: 0.8971
      F1: 0.9456
      AUC: 0.9998
      AP: 0.8968
      Confusion Matrix:
       8016777,   2694
       919265, 8016686
    Class 1
      Precision: 0.9877
      Recall: 0.9993
      F1: 0.9935
      AUC: 0.9939
      AP: 0.9870
      Confusion Matrix:
       4003105,  49904
         2841, 4009586
    Class 2
      Precision: 0.9976
      Recall: 0.9598
      F1: 0.9783
      AUC: 0.9988
      AP: 0.9575
      Confusion Matrix:
       1502373,   3555
        62949, 1503914
    Class 3
      Precision: 0.9884
      Recall: 0.9968
      F1: 0.9926
      AUC: 0.9942
      AP: 0.9852
      Confusion Matrix:
       6390260,  75242
        20657, 6390726
    Class 4
      Precision: 0.9999
      Recall: 0.9988
      F1: 0.9994
      AUC: 1.0000
      AP: 0.9988
      Confusion Matrix:
       8050720,    409
         9406, 8050682
    Epoch 14: Accuracy: 0.8119, Precision: 0.7773, Recall: 0.8119, F1: 0.7865, Cohen's Kappa: 0.7870, MCC: 0.7409
    Confusion Matrix:
     8065454,    277,   2986,  70460,  18875,  72622, 908696,   1477,    804, 792398
        2525,4027412,   2457,  30021, 891588,    467,   4169,     39,   1277,    523
        1153, 160999,1511495,   4870, 126353,   6638,   2298,     19,    855,  46997
      107353,   3307, 118662,6429061,    432,   4599,  30381, 890509, 326444,   7791
        3463,   4005, 911893, 143179,8099603,  17742,  34182,   5387,    582, 756074
       17362,   1346,   3283,  89821,  12092,8065362,  29672,    994, 934133, 779871
        8162,    907,  46273,   4072,   7118, 847033,4033932,  14746,   2785,   3481
         627,  14087,    303,    251,   1339,     96, 228517,1513046,  91168,  14153
       21911, 350342,    463, 215552,  47437,   7104,   8357, 730092,6429530, 108328
     1588957,     71,    177,  43137,  13781,   5309,     38, 224919,    109,8099564
    Class 0
      Precision: 0.9911
      Recall: 0.9979
      F1: 0.9945
      AUC: 0.9955
      AP: 0.9889
      Confusion Matrix:
       8065454,  72622
        17362, 8065362
    Class 1
      Precision: 0.9990
      Recall: 0.9998
      F1: 0.9994
      AUC: 0.9995
      AP: 0.9987
      Confusion Matrix:
       4027412,   4169
          907, 4033932
    Class 2
      Precision: 1.0000
      Recall: 0.9998
      F1: 0.9999
      AUC: 1.0000
      AP: 0.9998
      Confusion Matrix:
       1511495,     19
          303, 1513046
    Class 3
      Precision: 0.9517
      Recall: 0.9676
      F1: 0.9596
      AUC: 0.9758
      AP: 0.9208
      Confusion Matrix:
       6429061, 326444
       215552, 6429530
    Class 4
      Precision: 0.9146
      Recall: 0.9983
      F1: 0.9546
      AUC: 0.9573
      AP: 0.9131
      Confusion Matrix:
       8099603, 756074
        13781, 8099564
    Epoch 15: Accuracy: 0.8144, Precision: 0.7809, Recall: 0.8144, F1: 0.7884, Cohen's Kappa: 0.7898, MCC: 0.7353
    Confusion Matrix:
     8090289,  23600,1072154,  50605,   2331,  18418, 386825,   5279,  15950, 268598
      794270,4039813,  57176,  34296,    281,   2171,   6501,  13751,   9447,   2772
        7596,  30614,1516149,  14042,  45335, 176817,  46777,   7850,   9257,   7240
      660368,    265,    745,6448858,  92995,  94098,    551,  10258, 120105, 490296
        7735,    849,   5378,    175,8124543, 577290,   2564, 133588,1123483,    505
        1236,   3549,    315, 556146, 519512,8090197, 132204, 148471, 296665, 185641
       28844, 113045,  40743,   3878, 605183,   6035,4046353,  17192,  95330,  11906
        3664,    429, 154720,   3768,  22868, 128545,   2119,1517705,  27660,   2109
          74,  29914,   5162,    166,  45237, 123713,   1447,1263159,6449328,    916
      402674,     11, 247389,1195936,    158,     78,   5093,      4,    215,8124504
    Class 0
      Precision: 0.9977
      Recall: 0.9998
      F1: 0.9988
      AUC: 0.9989
      AP: 0.9976
      Confusion Matrix:
       8090289,  18418
         1236, 8090197
    Class 1
      Precision: 0.9984
      Recall: 0.9728
      F1: 0.9854
      AUC: 0.9992
      AP: 0.9712
      Confusion Matrix:
       4039813,   6501
       113045, 4046353
    Class 2
      Precision: 0.9948
      Recall: 0.9074
      F1: 0.9491
      AUC: 0.9974
      AP: 0.9027
      Confusion Matrix:
       1516149,   7850
       154720, 1517705
    Class 3
      Precision: 0.9817
      Recall: 1.0000
      F1: 0.9908
      AUC: 0.9909
      AP: 0.9817
      Confusion Matrix:
       6448858, 120105
          166, 6449328
    Class 4
      Precision: 0.9999
      Recall: 1.0000
      F1: 1.0000
      AUC: 1.0000
      AP: 0.9999
      Confusion Matrix:
       8124543,    505
          158, 8124504
    Epoch 16: Accuracy: 0.8205, Precision: 0.8078, Recall: 0.8205, F1: 0.8076, Cohen's Kappa: 0.7966, MCC: 0.7535
    Confusion Matrix:
     8150887,   3081,   8128,   4170, 638281, 108654,    431,   7993, 387471, 624953
       75588,4070072,   1605,    860,    128, 323087,  15668, 414760,  23980,  34730
       86173,  58767,1527505,    730,   2130,   2254,    252,   2221, 181306,    339
        2755,1113467,   7826,6497161,  51157,  12581,  10383,   3225, 218087,   1897
        4171,1491850,  52399,   1319,8185398,     22,   3573,  45510, 109446,  82422
        1645,  91586,   2962, 539421,   1500,8150794, 347363, 798355,     51,    259
       42479,  68182,  21824,   3495, 710577,  13189,4076661,  12862,  15430,   3810
      231177,     41,      6,    442,      3,     18,  21010,1529073,    450,  81367
      710198,    567,   4918, 308246,  10430,   2204,  99115, 197213,6497634,  88591
        5840,    197,    224,  83945,  26390,1246249,   4030,  15230, 408599,8185358
    Class 0
      Precision: 0.9868
      Recall: 0.9998
      F1: 0.9933
      AUC: 0.9934
      AP: 0.9866
      Confusion Matrix:
       8150887, 108654
         1645, 8150794
    Class 1
      Precision: 0.9962
      Recall: 0.9835
      F1: 0.9898
      AUC: 0.9981
      AP: 0.9798
      Confusion Matrix:
       4070072,  15668
        68182, 4076661
    Class 2
      Precision: 0.9985
      Recall: 1.0000
      F1: 0.9993
      AUC: 0.9993
      AP: 0.9985
      Confusion Matrix:
       1527505,   2221
            6, 1529073
    Class 3
      Precision: 0.9675
      Recall: 0.9547
      F1: 0.9611
      AUC: 0.9838
      AP: 0.9237
      Confusion Matrix:
       6497161, 218087
       308246, 6497634
    Class 4
      Precision: 0.9900
      Recall: 0.9968
      F1: 0.9934
      AUC: 0.9950
      AP: 0.9868
      Confusion Matrix:
       8185398,  82422
        26390, 8185358
    Epoch 17: Accuracy: 0.8247, Precision: 0.7967, Recall: 0.8247, F1: 0.8059, Cohen's Kappa: 0.8013, MCC: 0.8250
    Confusion Matrix:
     8192610,    561,   6077,   4256, 353973,   7798,   2641,1313494,  35781,  16858
       24721,4090906,  66006,   8812,  20530,  11101, 655645,  11069,  68788,   2900
      301117,    225,1535325,   4192,    338,   3457,   2992,  12183,    404,   1444
     1143395,   4484,   3630,6530419,  32927,  12750,  10277,   1108, 150558,  28991
       33505, 500490,  22908,  81657,8227297,  23028, 277343, 151965, 318215, 339702
        2469, 181977, 276014, 383312, 102506,8192517,      2,      5, 786072,   9062
      178485,    735,   5421, 363098,    492,  18839,4097529,  37334,   7386, 259190
       11987,   5677,  98443,  72655,   3147, 133685,    101,1536900,    744,    248
      381810, 318282,   1422,   5670,   1003,    380,  23056,   1028,6530894, 655571
         417, 155858,    201,   2195,    642,1515170,  43783,  30537,      1,8227258
    Class 0
      Precision: 0.9990
      Recall: 0.9997
      F1: 0.9994
      AUC: 0.9995
      AP: 0.9987
      Confusion Matrix:
       8192610,   7798
         2469, 8192517
    Class 1
      Precision: 0.8619
      Recall: 0.9998
      F1: 0.9257
      AUC: 0.9310
      AP: 0.8617
      Confusion Matrix:
       4090906, 655645
          735, 4097529
    Class 2
      Precision: 0.9921
      Recall: 0.9397
      F1: 0.9652
      AUC: 0.9961
      AP: 0.9323
      Confusion Matrix:
       1535325,  12183
        98443, 1536900
    Class 3
      Precision: 0.9775
      Recall: 0.9991
      F1: 0.9882
      AUC: 0.9887
      AP: 0.9766
      Confusion Matrix:
       6530419, 150558
         5670, 6530894
    Class 4
      Precision: 0.9603
      Recall: 0.9999
      F1: 0.9797
      AUC: 0.9802
      AP: 0.9603
      Confusion Matrix:
       8227297, 339702
          642, 8227258
    Epoch 18: Accuracy: 0.8321, Precision: 0.8002, Recall: 0.8321, F1: 0.8119, Cohen's Kappa: 0.8099, MCC: 0.7663
    Confusion Matrix:
     8266122, 881898, 114851,    100,   2791,  30779, 570257,   1734,  65138,    379
      120741,4127613, 155832,  34994,    282,    353,  16219,   9284,   1928, 493232
        1186,  73730,1549101,  47887,    870,   2114,    427,  11344,   3801, 171217
        2299,   1022, 585677,6589016,  23930,  21259, 645387,    671,   1696,  47582
      660362,    719,     30,    213,8301121, 347308,      2, 223579, 442756,     20
       15703,1264395,     15,      3,     11,8266028,      2, 386324,    682,    773
      770772,    529,   1018,   2877,   5829,   4169,4134296,    210,  47268,   1541
       70705,   9799,  22290,  36996,   6636,   1369,  18247,1550690, 142243,   4612
       81070,   2906,   5439,1012590,   1759,    728,  53435,  21521,6589496, 150172
         778,  66697,   2198,  71105,1218882,    632, 303845,      1,  10843,8301081
    Class 0
      Precision: 0.9963
      Recall: 0.9981
      F1: 0.9972
      AUC: 0.9981
      AP: 0.9944
      Confusion Matrix:
       8266122,  30779
        15703, 8266028
    Class 1
      Precision: 0.9961
      Recall: 0.9999
      F1: 0.9980
      AUC: 0.9980
      AP: 0.9960
      Confusion Matrix:
       4127613,  16219
          529, 4134296
    Class 2
      Precision: 0.9927
      Recall: 0.9858
      F1: 0.9893
      AUC: 0.9964
      AP: 0.9786
      Confusion Matrix:
       1549101,  11344
        22290, 1550690
    Class 3
      Precision: 0.9997
      Recall: 0.8668
      F1: 0.9285
      AUC: 0.9999
      AP: 0.8666
      Confusion Matrix:
       6589016,   1696
       1012590, 6589496
    Class 4
      Precision: 1.0000
      Recall: 0.8720
      F1: 0.9316
      AUC: 1.0000
      AP: 0.8720
      Confusion Matrix:
       8301121,     20
       1218882, 8301081
    Epoch 19: Accuracy: 0.8353, Precision: 0.8030, Recall: 0.8353, F1: 0.8063, Cohen's Kappa: 0.8137, MCC: 0.7631
    Confusion Matrix:
     8297911,     49,   6656,    990,    292,   1279,  26493,1599620,    614,    145
       67406,4143487, 732554,   1278,   1716,     51,   7371,      1,     90,   6524
         183,     36,1555058,     22,     11, 236891,    100,   2696,   2532,  64148
      440504,     17,     73,6614355,     36,     62,   3178,     11,      2, 860301
        5160,  50552,     52,  94044,8333044,1328376,     41,   8774,   1524, 154543
         880,1540725,  78935,   6447,   2794,8297816,   1166,     98,   4842,    233
       36500,  10818,   8842,  67572,   3694,  17620,4150195,  29681, 193750, 449837
        3358,    319,    826, 103285,  45095,  17863,   1037,1556654, 134776,    374
       12774,  15616,  72960,  43442,   1596, 315262,   4944, 833703,6614837,   3982
      596177,  14624, 177967, 318581,    494, 504238,  16698,   6083,   8196,8333004
    Class 0
      Precision: 0.9998
      Recall: 0.9999
      F1: 0.9999
      AUC: 0.9999
      AP: 0.9997
      Confusion Matrix:
       8297911,   1279
          880, 8297816
    Class 1
      Precision: 0.9982
      Recall: 0.9974
      F1: 0.9978
      AUC: 0.9991
      AP: 0.9956
      Confusion Matrix:
       4143487,   7371
        10818, 4150195
    Class 2
      Precision: 0.9983
      Recall: 0.9995
      F1: 0.9989
      AUC: 0.9991
      AP: 0.9977
      Confusion Matrix:
       1555058,   2696
          826, 1556654
    Class 3
      Precision: 1.0000
      Recall: 0.9935
      F1: 0.9967
      AUC: 1.0000
      AP: 0.9935
      Confusion Matrix:
       6614355,      2
        43442, 6614837
    Class 4
      Precision: 0.9818
      Recall: 0.9999
      F1: 0.9908
      AUC: 0.9909
      AP: 0.9817
      Confusion Matrix:
       8333044, 154543
          494, 8333004
    Epoch 20: Accuracy: 0.8400, Precision: 0.7910, Recall: 0.8400, F1: 0.7974, Cohen's Kappa: 0.8197, MCC: 0.7821
    Confusion Matrix:
     8344601,   5670,   2300, 337260, 339401, 687310, 107771,  41774,    451,  67511
          23,4166801,     24, 134020, 233385,    131,    159, 423301,      1,   2633
          78,  95790,1563808,  86501,     72,  12269,   2133,  76980,   2270,  21776
      263369, 593628,   9757,6651572, 236575, 149695,    301,   2195,    812,  10635
        4814,   5522, 653953,  86155,8379932,     81, 332993, 510509,   1541,    610
        1017,  12538,   3975,   1017,  25118,8344506,1369184,   4802, 125170,  46609
           3,      7,     23,    128,      1,      2,4173547, 792696,    517,   1585
           1,      1,    148,    305,      1,      1, 279228,1565413,      5,  18484
       10664,  44499, 289254,    120, 176810,    971, 663363,  77678,6652057,   3700
          80,    199,1412625,  67461,   1182,    592,    112,  99481,  14438,8379892
    Class 0
      Precision: 0.9239
      Recall: 0.9999
      F1: 0.9604
      AUC: 0.9620
      AP: 0.9238
      Confusion Matrix:
       8344601, 687310
         1017, 8344506
    Class 1
      Precision: 1.0000
      Recall: 1.0000
      F1: 1.0000
      AUC: 1.0000
      AP: 1.0000
      Confusion Matrix:
       4166801,    159
            7, 4173547
    Class 2
      Precision: 0.9531
      Recall: 0.9999
      F1: 0.9759
      AUC: 0.9766
      AP: 0.9530
      Confusion Matrix:
       1563808,  76980
          148, 1565413
    Class 3
      Precision: 0.9999
      Recall: 1.0000
      F1: 0.9999
      AUC: 0.9999
      AP: 0.9999
      Confusion Matrix:
       6651572,    812
          120, 6652057
    Class 4
      Precision: 0.9999
      Recall: 0.9999
      F1: 0.9999
      AUC: 1.0000
      AP: 0.9998
      Confusion Matrix:
       8379932,    610
         1182, 8379892