Ablation Type: dynamic_focal
==================================================
Epoch Results:
    Epoch 1: Accuracy: 0.4718, Precision: 0.5160, Recall: 0.4718, F1: 0.4839, Cohen's Kappa: 0.4001, MCC: 0.4754
    Confusion Matrix:
     4686884, 659107,  57490, 119039,1272628,1188558, 449755,  44330,1002660, 453598
      126837,2340353,    674,2287178,  80821,  26340,  62620,   2508,  25489,   7658
          34,    772, 878339, 101929,    314,    652,     68, 870003,    188,   9378
        3236, 472045, 171636,3735966, 758850,    306,     40,     23,     60,2776377
     1405085,3372196,    571,  23667,4706728, 124330,  61091,  20708, 260286,   1448
     5144404,     41,    449,    668,     12,4686831,    179,    953,  90803,   9596
          30,  61252,    535,    449,  53516,   1911,2344142,     23,2506435,    216
       98119,   3204,   7495,  64457, 113145,  55889, 156534, 879240, 481553,   3951
        9419,     23,    110, 159915,  85346,3855928,  67953,   3111,3736238,   1073
       43689,1247571,  70595,2297357,1044382, 181954,   1913,   4332, 377563,4706706
    Class 0
      Precision: 0.7977
      Recall: 0.4767
      F1: 0.5968
      AUC: 0.8989
      AP: 0.3803
      Confusion Matrix:
       4686884, 1188558
       5144404, 4686831
    Class 1
      Precision: 0.9739
      Recall: 0.9745
      F1: 0.9742
      AUC: 0.9870
      AP: 0.9491
      Confusion Matrix:
       2340353,  62620
        61252, 2344142
    Class 2
      Precision: 0.5024
      Recall: 0.9915
      F1: 0.6669
      AUC: 0.7513
      AP: 0.4981
      Confusion Matrix:
       878339, 870003
         7495, 879240
    Class 3
      Precision: 1.0000
      Recall: 0.9590
      F1: 0.9790
      AUC: 1.0000
      AP: 0.9589
      Confusion Matrix:
       3735966,     60
       159915, 3736238
    Class 4
      Precision: 0.9997
      Recall: 0.8184
      F1: 0.9000
      AUC: 0.9998
      AP: 0.8182
      Confusion Matrix:
       4706728,   1448
       1044382, 4706706
    Epoch 2: Accuracy: 0.4764, Precision: 0.5272, Recall: 0.4764, F1: 0.4685, Cohen's Kappa: 0.4204, MCC: 0.4864
    Confusion Matrix:
     4732580, 116897,  35143, 371491,  15688,   8157,  94144,1437206, 265453,2857290
        3276,2363171,     18,2038109,  58465, 470738,    172,      2,  24815,   1712
        4940,   3781, 886902,   1603,    326,  80567,  76532,  75433, 727800,   3793
      109136,  47383,1850218,3772391, 294786,   3800,  25530,  65460,1045241, 704594
       99976,  63759,  32554, 597756,4752618,  20841,   1980,4291274,  80459,  34893
       35587,1687244,    107, 278789,    289,4732527, 864526,2300674,  26716,   7477
       81069,  83172,   5540,   2268,   2751,   2298,2366997,1461740,  62285, 900389
       79788, 299267,    743,    295,    401, 398517,    302, 887812,   8409, 188053
        1143,  93358,   2257,    818, 120877,   3841,  22485,3783004,3772666, 118667
     1202128,  29438, 602336,  90399, 157033, 169886,2137867, 369721, 464659,4752595
    Class 0
      Precision: 0.9983
      Recall: 0.9925
      F1: 0.9954
      AUC: 0.9991
      AP: 0.9908
      Confusion Matrix:
       4732580,   8157
        35587, 4732527
    Class 1
      Precision: 0.9999
      Recall: 0.9660
      F1: 0.9827
      AUC: 1.0000
      AP: 0.9659
      Confusion Matrix:
       2363171,    172
        83172, 2366997
    Class 2
      Precision: 0.9216
      Recall: 0.9992
      F1: 0.9588
      AUC: 0.9608
      AP: 0.9208
      Confusion Matrix:
       886902,  75433
          743, 887812
    Class 3
      Precision: 0.7830
      Recall: 0.9998
      F1: 0.8782
      AUC: 0.8915
      AP: 0.7829
      Confusion Matrix:
       3772391, 1045241
          818, 3772666
    Class 4
      Precision: 0.9927
      Recall: 0.9680
      F1: 0.9802
      AUC: 0.9964
      AP: 0.9610
      Confusion Matrix:
       4752618,  34893
       157033, 4752595
    Epoch 3: Accuracy: 0.4838, Precision: 0.5061, Recall: 0.4838, F1: 0.4815, Cohen's Kappa: 0.4168, MCC: 0.4738
    Confusion Matrix:
     4806092, 937609, 915347,  16730,   4692, 358454,2822970,  10973,   8574,  52608
        2018,2399879,    855,    378, 597571,1954961,    943,    317,      6,   3550
       38535,   2652, 900679,    261,  16784,    343,   2725,   3978, 635924, 259796
         234,    147, 479306,3830989,1034810,    660,2313057,    127, 259111,     98
     1115993, 108394, 114515,2786590,4826442,   5251,  20704,  32554,   1058, 964609
      652469, 793987, 317982,   1683,1153043,4806038,2056184,   5720,  70364,  76466
      443129,   7601, 159432,  63508, 768557,  21748,2403764,  43897, 168631, 888242
       33868, 909760,   4722,   5909,      8,     79,   7164, 901603,     72,    402
         128, 453420,    205, 669501,2940131,    108,     39,  20449,3831268,   3867
      295961,  42893, 174549,  17312,   3346,4047009,   4192, 376841, 187541,4826418
    Class 0
      Precision: 0.9306
      Recall: 0.8805
      F1: 0.9048
      AUC: 0.9653
      AP: 0.8194
      Confusion Matrix:
       4806092, 358454
       652469, 4806038
    Class 1
      Precision: 0.9996
      Recall: 0.9968
      F1: 0.9982
      AUC: 0.9998
      AP: 0.9965
      Confusion Matrix:
       2399879,    943
         7601, 2403764
    Class 2
      Precision: 0.9956
      Recall: 0.9948
      F1: 0.9952
      AUC: 0.9978
      AP: 0.9904
      Confusion Matrix:
       900679,   3978
         4722, 901603
    Class 3
      Precision: 0.9366
      Recall: 0.8512
      F1: 0.8919
      AUC: 0.9683
      AP: 0.7973
      Confusion Matrix:
       3830989, 259111
       669501, 3831268
    Class 4
      Precision: 0.8334
      Recall: 0.9993
      F1: 0.9089
      AUC: 0.9167
      AP: 0.8329
      Confusion Matrix:
       4826442, 964609
         3346, 4826418
    Epoch 4: Accuracy: 0.4918, Precision: 0.4949, Recall: 0.4918, F1: 0.4825, Cohen's Kappa: 0.4250, MCC: 0.5025
    Confusion Matrix:
     4885565,1295136,  37112,  12255,  11382,3518049, 136773,   8131,  27673,   1973
      637552,2439563,1798784,    708,   2461,  15505,  61080,    412,   3748,    665
       15459,    827, 915572, 818447,  44253,   4468,  24413,  37338,    721,    179
      269969,  44744, 183372,3894337,2729477, 181117,  11430, 585859,   2531,  15703
     2951131,    331, 567929,    216,4906250,    432,   1372, 108152,    501,1439796
        6074, 132082,   7042, 588747,  24473,4885509,  15903,  15639,  15243,4243224
     1252136,  14725,  11517,  88550,  19369,  11605,2443512,   3086,1062654,  61355
          92,    544,    104, 214860,    256,    976, 694962, 916512,   2220,  33061
         208,3823974,   2798,   3001,    794,  80287,  66562,  19895,3894621,  26976
         962, 125296,    279,     43,1578679,1165441,2059957, 137557,   1621,4906227
    Class 0
      Precision: 0.5814
      Recall: 0.9988
      F1: 0.7349
      AUC: 0.7907
      AP: 0.5806
      Confusion Matrix:
       4885565, 3518049
         6074, 4885509
    Class 1
      Precision: 0.9756
      Recall: 0.9940
      F1: 0.9847
      AUC: 0.9878
      AP: 0.9697
      Confusion Matrix:
       2439563,  61080
        14725, 2443512
    Class 2
      Precision: 0.9608
      Recall: 0.9999
      F1: 0.9800
      AUC: 0.9804
      AP: 0.9607
      Confusion Matrix:
       915572,  37338
          104, 916512
    Class 3
      Precision: 0.9994
      Recall: 0.9992
      F1: 0.9993
      AUC: 0.9997
      AP: 0.9986
      Confusion Matrix:
       3894337,   2531
         3001, 3894621
    Class 4
      Precision: 0.7731
      Recall: 0.7566
      F1: 0.7648
      AUC: 0.8866
      AP: 0.5849
      Confusion Matrix:
       4906250, 1439796
       1578679, 4906227
    Epoch 5: Accuracy: 0.4957, Precision: 0.5121, Recall: 0.4957, F1: 0.4899, Cohen's Kappa: 0.4297, MCC: 0.4785
    Confusion Matrix:
     4924308,  10595, 126316, 199429,4020265, 252601,   5901, 270884,   3780, 119970
      799012,2458908,   1269,   3386,    743, 167022, 118651, 540553, 572772, 298162
        3535,  35894, 922833, 516481, 248645,   2433,   5449, 112127,  14239,     41
         172, 205118,   2176,3925219,   6782,    659, 663601,   9540,   1449,3103823
        1231,  54828,   9242,2032957,4945157,   4349,2784928,   2993,  70616,  69809
       25209, 479991,   6478,    330, 102270,4924252,  48420,2268867,    292,2077827
     2312782,     99,   7376, 116994,     62,    151,2462889,     39,  68107,     10
        2944,    297, 294810,     27,    195,  11114,    247, 923780, 630055,    118
       33083,1428583,   1525, 717226, 144908, 116450,  97551,  34819,3925505,1419466
     1210532,  73982,   3425, 342119,    201,   1441,  38018, 214557,3146654,4945133
    Class 0
      Precision: 0.9512
      Recall: 0.9949
      F1: 0.9726
      AUC: 0.9756
      AP: 0.9464
      Confusion Matrix:
       4924308, 252601
        25209, 4924252
    Class 1
      Precision: 0.9540
      Recall: 1.0000
      F1: 0.9764
      AUC: 0.9770
      AP: 0.9539
      Confusion Matrix:
       2458908, 118651
           99, 2462889
    Class 2
      Precision: 0.8917
      Recall: 0.7579
      F1: 0.8193
      AUC: 0.9459
      AP: 0.6758
      Confusion Matrix:
       922833, 112127
       294810, 923780
    Class 3
      Precision: 0.9996
      Recall: 0.8455
      F1: 0.9161
      AUC: 0.9998
      AP: 0.8452
      Confusion Matrix:
       3925219,   1449
       717226, 3925505
    Class 4
      Precision: 0.9861
      Recall: 1.0000
      F1: 0.9930
      AUC: 0.9930
      AP: 0.9860
      Confusion Matrix:
       4945157,  69809
          201, 4945133
    Epoch 6: Accuracy: 0.5033, Precision: 0.5337, Recall: 0.5033, F1: 0.4916, Cohen's Kappa: 0.4449, MCC: 0.5012
    Confusion Matrix:
     4999806,  55597,  35431,  39166, 717706,  16317,  26681, 305053,3703235,  35057
       17505,2496608, 250124, 174931,  32429, 934117,  83275, 776332, 110995,  84162
         545,    145, 936982,  39384, 284257,   4330, 586378,   3253,    376,   6027
        1615,   4260,   1245,3985400,  41791,  45444,   5142,2608337,1225229,     76
        2906,3103347, 526276,1027524,5020976,   2239,  14501, 230525,   5085,  42731
       53045,   8636,  90554, 124323, 407782,4999749,  33320,4200542,   5604,  10381
     1101775,  66437, 222972, 124067, 104241, 317787,2500650,  35757,  33099, 461724
       34318,      3,      4,     15,      5,    418,     39, 937943, 890604,    238
       25517,   5028,   6748,   4805,2864220,   3718,   7096,  13553,3985691,1002740
      190356,  61743, 241274,  15523,  31075,  11509,1617488, 288159,2497983,5020952
    Class 0
      Precision: 0.9967
      Recall: 0.9895
      F1: 0.9931
      AUC: 0.9984
      AP: 0.9863
      Confusion Matrix:
       4999806,  16317
        53045, 4999749
    Class 1
      Precision: 0.9677
      Recall: 0.9741
      F1: 0.9709
      AUC: 0.9839
      AP: 0.9426
      Confusion Matrix:
       2496608,  83275
        66437, 2500650
    Class 2
      Precision: 0.9965
      Recall: 1.0000
      F1: 0.9983
      AUC: 0.9983
      AP: 0.9965
      Confusion Matrix:
       936982,   3253
            4, 937943
    Class 3
      Precision: 0.7649
      Recall: 0.9988
      F1: 0.8663
      AUC: 0.8824
      AP: 0.7639
      Confusion Matrix:
       3985400, 1225229
         4805, 3985691
    Class 4
      Precision: 0.9916
      Recall: 0.9938
      F1: 0.9927
      AUC: 0.9958
      AP: 0.9855
      Confusion Matrix:
       5020976,  42731
        31075, 5020952
    Epoch 7: Accuracy: 0.5102, Precision: 0.5288, Recall: 0.5102, F1: 0.4995, Cohen's Kappa: 0.4515, MCC: 0.5259
    Confusion Matrix:
     5068351,  12923,1970754,2147025, 497684,   1400,  16303,    274,   2058, 217277
       75011,2530835,  11557,  45390,   7950,   5129,1170461,     21,   1003,1113121
         741,    642, 949827, 574050,    267,  11294,   7376, 317430,      2,     48
          94,  11668,    223,4040038,    232,  21139,3844880,    187,      3,     75
          29,      1,4881346,      5,5089811,      1,    707,    111,      1,   4098
      614409, 104800, 601580,   4859, 761685,5068294,   3290,  12431,2353403, 409185
     1096930,   3297,     19, 129113, 956202, 130094,2534933,     11, 117909,      1
       21949,  25134,  11963,  21626,  13975,  66751,   3821, 950802, 594788, 152778
       81831,  49498, 159542,  63550, 549245,1497028,  32326,  75716,4040332,1370048
     1769500,2761880,  46562,  30050, 116846,  45413,  30548,  34858,  50619,5089786
    Class 0
      Precision: 0.9997
      Recall: 0.8919
      F1: 0.9427
      AUC: 0.9999
      AP: 0.8916
      Confusion Matrix:
       5068351,   1400
       614409, 5068294
    Class 1
      Precision: 0.6838
      Recall: 0.9987
      F1: 0.8118
      AUC: 0.8421
      AP: 0.6829
      Confusion Matrix:
       2530835, 1170461
         3297, 2534933
    Class 2
      Precision: 0.7495
      Recall: 0.9876
      F1: 0.8522
      AUC: 0.8749
      AP: 0.7402
      Confusion Matrix:
       949827, 317430
        11963, 950802
    Class 3
      Precision: 1.0000
      Recall: 0.9845
      F1: 0.9922
      AUC: 1.0000
      AP: 0.9845
      Confusion Matrix:
       4040038,      3
        63550, 4040332
    Class 4
      Precision: 0.9992
      Recall: 0.9776
      F1: 0.9883
      AUC: 0.9996
      AP: 0.9768
      Confusion Matrix:
       5089811,   4098
       116846, 5089786
    Epoch 8: Accuracy: 0.5179, Precision: 0.5442, Recall: 0.5179, F1: 0.4972, Cohen's Kappa: 0.4611, MCC: 0.5266
    Confusion Matrix:
     5144843,   2104, 936235, 106898,  41385,  69543,   2639,    421,3084441, 545540
       26247,2569031,   7399, 442371,  17203,1763349,  14488,  60885,  34540,  24965
           3,      1, 964162,   2513,   1803,      7, 151296,      3, 741888,      1
        1745,    547,   2958,4101011,    392,     11,2876655,   5041, 929943,    236
        7196,   1362,3132625, 948805,5166627,  22815,   1363, 688550,   5696,   1071
        9973, 582363, 155949,   1237,  15984,5144785,  37071,3958807,  26064,   1703
      144304,  33440,  48455, 408196, 624654, 176261,2573190, 389451,  46450, 524108
         353, 100756,  45926, 661003,  57033,      5,      4, 965151,  33215,    141
     3737702,  51450,     14,     16,   8913,     45,     91,  19512,4101310,     63
      172823,   7294,   8171,    432,  30925,  10678,  21195, 887672,3670270,5166602
    Class 0
      Precision: 0.9867
      Recall: 0.9981
      F1: 0.9923
      AUC: 0.9933
      AP: 0.9848
      Confusion Matrix:
       5144843,  69543
         9973, 5144785
    Class 1
      Precision: 0.9944
      Recall: 0.9872
      F1: 0.9908
      AUC: 0.9972
      AP: 0.9816
      Confusion Matrix:
       2569031,  14488
        33440, 2573190
    Class 2
      Precision: 1.0000
      Recall: 0.9545
      F1: 0.9767
      AUC: 1.0000
      AP: 0.9545
      Confusion Matrix:
       964162,      3
        45926, 965151
    Class 3
      Precision: 0.8152
      Recall: 1.0000
      F1: 0.8982
      AUC: 0.9076
      AP: 0.8152
      Confusion Matrix:
       4101011, 929943
           16, 4101310
    Class 4
      Precision: 0.9998
      Recall: 0.9941
      F1: 0.9969
      AUC: 0.9999
      AP: 0.9938
      Confusion Matrix:
       5166627,   1071
        30925, 5166602
    Epoch 9: Accuracy: 0.5239, Precision: 0.5124, Recall: 0.5239, F1: 0.5075, Cohen's Kappa: 0.4622, MCC: 0.5262
    Confusion Matrix:
     5204448,  42256,  49403, 180497,1189432,  13802, 517851,  66695,1630572,1039093
      691327,2598794,  99014,  24836,  47149,  13039, 444857,  77855, 507223, 456384
      850464,   1206, 975332,    212,   5402,   6010,      6,  21750,   1247,     48
        8107, 429521,   6463,4148522,  10427,   5131, 883520, 296225,  11770,2118853
       13983, 100047,1051817,1942957,5226484,  20000, 260133,1351817,    262,   8610
     1183229,2967367,     35,    769,   2768,5204389,     43, 575115,     54,    167
       13064, 295927,   2305,  18868, 293050,1105568,2603001,  10145, 381422, 245159
         161, 164221,  23157,    289,  39484,  23983, 635626, 976333,    224,    109
     1710934, 259679,   5699, 327002,   4967, 174725,  58324,   2426,4148824,1226536
     2712719,  39194,  46318,   7195,  55577,1023328, 135480, 344106, 385687,5226458
    Class 0
      Precision: 0.9974
      Recall: 0.8148
      F1: 0.8969
      AUC: 0.9987
      AP: 0.8126
      Confusion Matrix:
       5204448,  13802
       1183229, 5204389
    Class 1
      Precision: 0.8538
      Recall: 0.8978
      F1: 0.8753
      AUC: 0.9270
      AP: 0.7666
      Confusion Matrix:
       2598794, 444857
       295927, 2603001
    Class 2
      Precision: 0.9782
      Recall: 0.9768
      F1: 0.9775
      AUC: 0.9891
      AP: 0.9555
      Confusion Matrix:
       975332,  21750
        23157, 976333
    Class 3
      Precision: 0.9972
      Recall: 0.9269
      F1: 0.9608
      AUC: 0.9986
      AP: 0.9243
      Confusion Matrix:
       4148522,  11770
       327002, 4148824
    Class 4
      Precision: 0.9984
      Recall: 0.9895
      F1: 0.9939
      AUC: 0.9992
      AP: 0.9879
      Confusion Matrix:
       5226484,   8610
        55577, 5226458
    Epoch 10: Accuracy: 0.5323, Precision: 0.5621, Recall: 0.5323, F1: 0.5350, Cohen's Kappa: 0.4690, MCC: 0.5480
    Confusion Matrix:
     5287894,  27957,  57564, 662397,  12289,   9573,   4026,   3314, 495519,3373516
      389895,2640462,    142, 306214,    408,      1,      1,  50646,      8,1572701
         621, 104248, 990970, 283243,    940,  19451, 448974,   7784,   3259,   2187
     2258588, 121504, 142193,4215038,  10356,  12489, 277725, 169377, 560342, 150927
     3491358, 846417,   2268,  46466,5310283,  27134, 179526,    773,  68236,   3649
      121534,  63285,  64926, 117206,3913090,5287834,  13414, 245616,  90804,  16227
      366721, 806772,   9448,   1272, 697901, 407151,2644737,   8656,  12634,  13217
       14090, 162568,     68, 118289,  58918,  24606,   4468, 991987,   6444, 482149
     1651488,  11976,   5211, 241797,  33102,   1379,   7132,1699453,4215345,  52233
       46569,  40353,  17188, 365237,   9080,1047708,2986731,  50484, 102455,5310257
    Class 0
      Precision: 0.9982
      Recall: 0.9775
      F1: 0.9878
      AUC: 0.9991
      AP: 0.9758
      Confusion Matrix:
       5287894,   9573
       121534, 5287834
    Class 1
      Precision: 1.0000
      Recall: 0.7660
      F1: 0.8675
      AUC: 1.0000
      AP: 0.7660
      Confusion Matrix:
       2640462,      1
       806772, 2644737
    Class 2
      Precision: 0.9922
      Recall: 0.9999
      F1: 0.9961
      AUC: 0.9961
      AP: 0.9921
      Confusion Matrix:
       990970,   7784
           68, 991987
    Class 3
      Precision: 0.8827
      Recall: 0.9457
      F1: 0.9131
      AUC: 0.9413
      AP: 0.8348
      Confusion Matrix:
       4215038, 560342
       241797, 4215345
    Class 4
      Precision: 0.9993
      Recall: 0.9983
      F1: 0.9988
      AUC: 0.9997
      AP: 0.9976
      Confusion Matrix:
       5310283,   3649
         9080, 5310257
    Epoch 11: Accuracy: 0.5393, Precision: 0.5552, Recall: 0.5393, F1: 0.5221, Cohen's Kappa: 0.4816, MCC: 0.5629
    Confusion Matrix:
     5357432,    291,  34564,   7810,  36467,  17384,   6112,3919765,  10267, 543957
       15114,2675185,1461070,  16006, 115783,   2982,   3346, 642882,    411,  27699
         579,  35972,1004002, 135114,  41017,   1097,     58,  56360, 317957, 269521
         156,   3041,   6024,4270468,1593790,   2502, 545740,  25172, 925786, 545860
       16090,  40988,  90307,   1305,5380116,   7538,   6032,   2536, 152315,4278883
           1,      9,  34496,     14,4523040,5357371,    323,  17729,    452,    501
      612969,    601, 372417,   3082, 661568, 166654,2679516,  64567,     20, 407115
        2643,    602,  11764, 370138,  10329,  18025, 443199,1005032,   1261,    594
     1293440, 103340,  36517, 887166,   3510,  29577,  41762,1226617,4270779,  26408
       26499,1982997, 158087, 136157, 654903,  80466,1259652,  17778, 279433,5380090
    Class 0
      Precision: 0.9968
      Recall: 1.0000
      F1: 0.9984
      AUC: 0.9984
      AP: 0.9968
      Confusion Matrix:
       5357432,  17384
            1, 5357371
    Class 1
      Precision: 0.9988
      Recall: 0.9998
      F1: 0.9993
      AUC: 0.9994
      AP: 0.9985
      Confusion Matrix:
       2675185,   3346
          601, 2679516
    Class 2
      Precision: 0.9468
      Recall: 0.9884
      F1: 0.9672
      AUC: 0.9734
      AP: 0.9359
      Confusion Matrix:
       1004002,  56360
        11764, 1005032
    Class 3
      Precision: 0.8218
      Recall: 0.8280
      F1: 0.8249
      AUC: 0.9109
      AP: 0.6805
      Confusion Matrix:
       4270468, 925786
       887166, 4270779
    Class 4
      Precision: 0.5570
      Recall: 0.8915
      F1: 0.6856
      AUC: 0.7785
      AP: 0.4966
      Confusion Matrix:
       5380116, 4278883
       654903, 5380090
    Epoch 12: Accuracy: 0.5435, Precision: 0.5591, Recall: 0.5435, F1: 0.5215, Cohen's Kappa: 0.4906, MCC: 0.5400
    Confusion Matrix:
     5399155,    442, 896648,  74869,  39523,3467657,  21202,    591,  32814,   1148
      245872,2696019, 115303,  19697,1180176, 124183,     91, 272771,    133, 306233
       11345,    469,1011821,     67, 167869,     30, 125359,  72942, 471385,    390
        2511,1470536, 985473,4303725,    430,     45,  62188,   1005, 839135, 253491
       53950, 135525,3280563,  15035,5422015, 118189, 818224,   4980, 114836,  12793
         488,    496,3272637, 870363,     41,5399094,   4066,      1,  74327, 312423
       24132, 244002,   4734,1842639,  26231,   2918,2700384,  30865,  52560,  40044
        2965,     76,   7406,   1024, 795787,  26737,    242,1012859,    883,  15608
      143363, 257148, 137794, 411379,  28781, 438021, 281794, 582491,4304039,1334306
      433869,  21536,   6634,1258740,  10173,   2423,   6007,2765606,  49085,5421989
    Class 0
      Precision: 0.6089
      Recall: 0.9999
      F1: 0.7569
      AUC: 0.8045
      AP: 0.6089
      Confusion Matrix:
       5399155, 3467657
          488, 5399094
    Class 1
      Precision: 1.0000
      Recall: 0.9170
      F1: 0.9567
      AUC: 1.0000
      AP: 0.9170
      Confusion Matrix:
       2696019,     91
       244002, 2700384
    Class 2
      Precision: 0.9328
      Recall: 0.9927
      F1: 0.9618
      AUC: 0.9664
      AP: 0.9260
      Confusion Matrix:
       1011821,  72942
         7406, 1012859
    Class 3
      Precision: 0.8368
      Recall: 0.9128
      F1: 0.8731
      AUC: 0.9184
      AP: 0.7638
      Confusion Matrix:
       4303725, 839135
       411379, 4304039
    Class 4
      Precision: 0.9976
      Recall: 0.9981
      F1: 0.9979
      AUC: 0.9988
      AP: 0.9958
      Confusion Matrix:
       5422015,  12793
        10173, 5421989
    Epoch 13: Accuracy: 0.5541, Precision: 0.5556, Recall: 0.5541, F1: 0.5337, Cohen's Kappa: 0.4978, MCC: 0.5517
    Confusion Matrix:
     5504456,1399486,  88702, 776143,1468342,  13669, 544994,  13355, 113810,  11092
         553,2748600,  18680,    264,   3886,     44,1534296,   3037, 650795,    323
      808425,      3,1031555,   2936,     23,      6,   1927,   1503,  15297,      2
      927220, 757432,  86342,4387662, 444759,  10585, 114356, 298546, 804748,  86889
         169,     41,  13076,   2523,5527762,3890152,      5,  25278,      8, 517096
           6,1403605,      3,     81,    215,5504393,     17,2402092, 329487, 294037
       14079,   1063, 151032,  46685, 104139,1866667,2753050,   4488,  10748,  16558
          11, 660353,    862,    133, 162976,      2,     27,1032613,     15,   6595
        2449,1613834,   6900,    445,1822794,  36837,   2280,  29736,4387982,  15859
       18164, 186056,1676198,  17835, 169162,1675340,   9185, 425429, 270958,5527735
    Class 0
      Precision: 0.9975
      Recall: 1.0000
      F1: 0.9988
      AUC: 0.9988
      AP: 0.9975
      Confusion Matrix:
       5504456,  13669
            6, 5504393
    Class 1
      Precision: 0.6418
      Recall: 0.9996
      F1: 0.7817
      AUC: 0.8211
      AP: 0.6415
      Confusion Matrix:
       2748600, 1534296
         1063, 2753050
    Class 2
      Precision: 0.9985
      Recall: 0.9992
      F1: 0.9989
      AUC: 0.9993
      AP: 0.9977
      Confusion Matrix:
       1031555,   1503
          862, 1032613
    Class 3
      Precision: 0.8450
      Recall: 0.9999
      F1: 0.9160
      AUC: 0.9225
      AP: 0.8449
      Confusion Matrix:
       4387662, 804748
          445, 4387982
    Class 4
      Precision: 0.9145
      Recall: 0.9703
      F1: 0.9416
      AUC: 0.9572
      AP: 0.8873
      Confusion Matrix:
       5527762, 517096
       169162, 5527735
    Epoch 14: Accuracy: 0.5591, Precision: 0.5652, Recall: 0.5591, F1: 0.5280, Cohen's Kappa: 0.5093, MCC: 0.5820
    Confusion Matrix:
     5554126,  29317, 101417,   2270,2180278,    253,    273,    856,2064427,    832
      428706,2773403,   7716,1504661,   2023, 179344,    263,  58602,   4993,    767
           2,   2863,1040863,    652, 742478,      4,  63865,      4,   5206,   5740
        2011, 170404,2626733,4427255, 120862,   8961, 481329,  73216,   4842,   2926
      104668,   6564,  15171,   3625,5577643,  11958,   7334,3920246, 180494, 148407
        1569,2696390, 501607,  29585, 763532,5554063,  39071, 106530,  11844, 229745
       53533, 432947, 143001,  36798,  39002, 274294,2777893, 939995,  57688, 213358
       39942,  17161,  13581,   4000,   3431,   9694,    868,1041931, 118978, 614001
       62153, 556462, 630289,   3613,   1753, 370714,   1144,1861546,4427577,   3865
      892203,   2691,1472170, 427401,  32401,   4614,1536426,   4115,  26425,5577616
    Class 0
      Precision: 1.0000
      Recall: 0.9997
      F1: 0.9998
      AUC: 1.0000
      AP: 0.9997
      Confusion Matrix:
       5554126,    253
         1569, 5554063
    Class 1
      Precision: 0.9999
      Recall: 0.8650
      F1: 0.9276
      AUC: 1.0000
      AP: 0.8649
      Confusion Matrix:
       2773403,    263
       432947, 2777893
    Class 2
      Precision: 1.0000
      Recall: 0.9871
      F1: 0.9935
      AUC: 1.0000
      AP: 0.9871
      Confusion Matrix:
       1040863,      4
        13581, 1041931
    Class 3
      Precision: 0.9989
      Recall: 0.9992
      F1: 0.9990
      AUC: 0.9995
      AP: 0.9981
      Confusion Matrix:
       4427255,   4842
         3613, 4427577
    Class 4
      Precision: 0.9741
      Recall: 0.9942
      F1: 0.9841
      AUC: 0.9870
      AP: 0.9685
      Confusion Matrix:
       5577643, 148407
        32401, 5577616
    Epoch 15: Accuracy: 0.5677, Precision: 0.5939, Recall: 0.5677, F1: 0.5433, Cohen's Kappa: 0.5194, MCC: 0.5778
    Confusion Matrix:
     5639559,  41264,2498899,  15731, 326138,  63449, 760297, 434771,  41249, 112692
       18399,2816063,    309, 809934,    431, 218295, 953851,    497,  96702,  45997
       58628,   1615,1056874, 666619,    395,   3739,    296,  27680,  44391,   1440
       22037,   1345,  33588,4495354,    437,    378,    880,2866139,   4880, 493501
        6247, 440599,    914,1891237,5663437,1594222, 352460,  19021,   7551,    422
         219,   5628,4021701,  41722,   1298,5639495,   4298, 138953,  79629,    993
      111539,1050790,     19, 186358,     10, 741287,2820622,    137,  30934,  26813
      172329, 114312,  82201,  63351,     24,  48758, 324602,1057958,     47,      5
         343,      9,2780689,  11274,  11897,  25892, 593094,     70,4495682,    166
      322037, 450244,  36114,   2229,2800744,   1770,   2440, 653787,  43287,5663410
    Class 0
      Precision: 0.9889
      Recall: 1.0000
      F1: 0.9944
      AUC: 0.9944
      AP: 0.9888
      Confusion Matrix:
       5639559,  63449
          219, 5639495
    Class 1
      Precision: 0.7470
      Recall: 0.7283
      F1: 0.7375
      AUC: 0.8736
      AP: 0.5440
      Confusion Matrix:
       2816063, 953851
       1050790, 2820622
    Class 2
      Precision: 0.9745
      Recall: 0.9278
      F1: 0.9506
      AUC: 0.9873
      AP: 0.9042
      Confusion Matrix:
       1056874,  27680
        82201, 1057958
    Class 3
      Precision: 0.9989
      Recall: 0.9975
      F1: 0.9982
      AUC: 0.9995
      AP: 0.9964
      Confusion Matrix:
       4495354,   4880
        11274, 4495682
    Class 4
      Precision: 0.9999
      Recall: 0.6691
      F1: 0.8017
      AUC: 1.0000
      AP: 0.6691
      Confusion Matrix:
       5663437,    422
       2800744, 5663410
    Epoch 16: Accuracy: 0.5707, Precision: 0.5853, Recall: 0.5707, F1: 0.5450, Cohen's Kappa: 0.5206, MCC: 0.5922
    Confusion Matrix:
     5669361,      1, 924765, 275052,  26859,    279,     62,3035471,   2046,    153
     1536373,2830944,   2468,  27869,  45729,  60157, 297224,  10574,    567, 148573
      641954,  48722,1062459,   4770,   1342,  14416,   8918,  68639,   3638,   6819
      874048,  31186, 121046,4519110,   2599,   1935,  21659,  71941,1294587, 980428
         172, 532283,    381,  17788,5693365,   9149,  90609,3462116,  44216, 126031
      729870, 970941,    261,   4087, 519498,5669297,1844346, 130098,  64205,   1333
      536221,  87688,  26004,  79445, 406686, 627733,2835528, 163024,  61390, 144790
       76448,   3668,  33105, 242171, 420275,  12370,   1385,1063549,    312,  10304
      894991,  13195,1255844, 109861, 696832,  29821, 157614, 204827,4519439,  36692
       19227,  11784, 564780,  19344,  86830,  10532,3375042,  54520, 140665,5693338
    Class 0
      Precision: 1.0000
      Recall: 0.8859
      F1: 0.9395
      AUC: 1.0000
      AP: 0.8859
      Confusion Matrix:
       5669361,    279
       729870, 5669297
    Class 1
      Precision: 0.9050
      Recall: 0.9700
      F1: 0.9363
      AUC: 0.9526
      AP: 0.8778
      Confusion Matrix:
       2830944, 297224
        87688, 2835528
    Class 2
      Precision: 0.9393
      Recall: 0.9698
      F1: 0.9543
      AUC: 0.9697
      AP: 0.9109
      Confusion Matrix:
       1062459,  68639
        33105, 1063549
    Class 3
      Precision: 0.7773
      Recall: 0.9763
      F1: 0.8655
      AUC: 0.8887
      AP: 0.7589
      Confusion Matrix:
       4519110, 1294587
       109861, 4519439
    Class 4
      Precision: 0.9783
      Recall: 0.9850
      F1: 0.9816
      AUC: 0.9892
      AP: 0.9636
      Confusion Matrix:
       5693365, 126031
        86830, 5693338
    Epoch 17: Accuracy: 0.5812, Precision: 0.5983, Recall: 0.5812, F1: 0.5689, Cohen's Kappa: 0.5291, MCC: 0.5795
    Confusion Matrix:
     5773669,  15773,   9067,  53004,2015875,  30511,1161083,  21259, 138222, 715586
       24203,2883029,   8015, 459866,  15251,   8193,  25235,  39518,1462979,  34189
        6066,    201,1082006,      2,     61,    909,    509,   5450, 766409,     64
       37639,2379246,  44810,4602254,  52659,  34719,  14089, 533896, 127138,  92089
       48794, 251382, 190967, 254847,5798115, 509484,1457649, 493455, 576094, 395323
        6231,      6,    766,    543,1305225,5773603, 477418,2354102,  16011,     31
       96873,    890,   4872,    828,  50890, 550795,2887697,  10816,1361481,   3367
         212,     31,    202,    301,    265,  26840,   5368,1083116, 594314, 152938
         156,    771,  12998,2256798,    620,1045047,     16,     58,4602590,     62
        1087,   7909,  32780, 705710,  20269,1452029,   3055,1954085,   1051,5798087
    Class 0
      Precision: 0.9947
      Recall: 0.9989
      F1: 0.9968
      AUC: 0.9974
      AP: 0.9937
      Confusion Matrix:
       5773669,  30511
         6231, 5773603
    Class 1
      Precision: 0.9913
      Recall: 0.9997
      F1: 0.9955
      AUC: 0.9957
      AP: 0.9910
      Confusion Matrix:
       2883029,  25235
          890, 2887697
    Class 2
      Precision: 0.9950
      Recall: 0.9998
      F1: 0.9974
      AUC: 0.9975
      AP: 0.9948
      Confusion Matrix:
       1082006,   5450
          202, 1083116
    Class 3
      Precision: 0.9731
      Recall: 0.6710
      F1: 0.7943
      AUC: 0.9866
      AP: 0.6529
      Confusion Matrix:
       4602254, 127138
       2256798, 4602590
    Class 4
      Precision: 0.9362
      Recall: 0.9965
      F1: 0.9654
      AUC: 0.9681
      AP: 0.9329
      Confusion Matrix:
       5798115, 395323
        20269, 5798087
    Epoch 18: Accuracy: 0.5882, Precision: 0.6069, Recall: 0.5882, F1: 0.5649, Cohen's Kappa: 0.5403, MCC: 0.6086
    Confusion Matrix:
     5843207,3119428,  29814,  84269,  10961,   6316, 657699, 166936,   3463,  11956
      328118,2917753,  43853,  34528,  30072,  97392,  58190, 737037, 709614,   3921
       21460, 363042,1095038,    192, 245655,   9817,  74802,  11678,  37845,   2148
        4772,2001910,1136884,4657684,    323,  15944,   2368,  82969,    464,  15221
      222774,  16773,  45447,   3013,5867947,  68438,  14552,3723875,   8454,   4837
      479230,1710328,   1727, 886049, 573505,5843141,   8159, 196524, 122519, 112754
         161,     37,   1571,   3629,1267844, 279950,2922476,  10887,     27, 481927
       36490,   2382,   2115, 188990,   1623, 366745, 161714,1096161,   3457,   3910
      292182,    196,1107089, 194068,  60786,1590908,   5763,   9935,4658024,    165
         356,2994839,  40382, 183784,  49118, 120067, 629150,  39300,  51147,5867919
    Class 0
      Precision: 0.9989
      Recall: 0.9242
      F1: 0.9601
      AUC: 0.9995
      AP: 0.9232
      Confusion Matrix:
       5843207,   6316
       479230, 5843141
    Class 1
      Precision: 0.9804
      Recall: 1.0000
      F1: 0.9901
      AUC: 0.9902
      AP: 0.9804
      Confusion Matrix:
       2917753,  58190
           37, 2922476
    Class 2
      Precision: 0.9894
      Recall: 0.9981
      F1: 0.9937
      AUC: 0.9947
      AP: 0.9875
      Confusion Matrix:
       1095038,  11678
         2115, 1096161
    Class 3
      Precision: 0.9999
      Recall: 0.9600
      F1: 0.9795
      AUC: 1.0000
      AP: 0.9599
      Confusion Matrix:
       4657684,    464
       194068, 4658024
    Class 4
      Precision: 0.9992
      Recall: 0.9917
      F1: 0.9954
      AUC: 0.9996
      AP: 0.9909
      Confusion Matrix:
       5867947,   4837
        49118, 5867919
    Epoch 19: Accuracy: 0.5928, Precision: 0.6100, Recall: 0.5928, F1: 0.5973, Cohen's Kappa: 0.5373, MCC: 0.6188
    Confusion Matrix:
     5888904,  32075, 176435,    902, 553064, 440664,2714752,  12689,  92099,  22465
       50057,2940571,     31, 266897,  56107,     86,    526, 639130, 565537, 441536
        2446,  28779,1103602,  81617, 114143,   7726,   5622,   2759,  35116, 479867
     2376353,  33616,  39664,4694109,   4315,  20748,  20226,  23285,  37274, 668949
      995640, 105542,  43509,   7769,5913838,   3003,   4411,   3072,2881270,  18056
      274904, 449724, 140165,2619221,     93,5888837, 557301,     50,   3614,     27
        6885,     38,   7711,    813,    851, 779399,2945332,  30174,1068608, 128698
        7743,    202,    744,    526,  25638, 668231,    126,1104734,   3185,  52458
        6671,   1022, 273149,  16324,2617792,  86973,      6,     34,4694451, 222694
      667553,   1230,   1124,  18167,  36771,3303773,  30496,   2416,    723,5913809
    Class 0
      Precision: 0.9304
      Recall: 0.9554
      F1: 0.9427
      AUC: 0.9652
      AP: 0.8889
      Confusion Matrix:
       5888904, 440664
       274904, 5888837
    Class 1
      Precision: 0.9998
      Recall: 1.0000
      F1: 0.9999
      AUC: 0.9999
      AP: 0.9998
      Confusion Matrix:
       2940571,    526
           38, 2945332
    Class 2
      Precision: 0.9975
      Recall: 0.9993
      F1: 0.9984
      AUC: 0.9988
      AP: 0.9968
      Confusion Matrix:
       1103602,   2759
          744, 1104734
    Class 3
      Precision: 0.9921
      Recall: 0.9965
      F1: 0.9943
      AUC: 0.9961
      AP: 0.9887
      Confusion Matrix:
       4694109,  37274
        16324, 4694451
    Class 4
      Precision: 0.9970
      Recall: 0.9938
      F1: 0.9954
      AUC: 0.9985
      AP: 0.9908
      Confusion Matrix:
       5913838,  18056
        36771, 5913809
    Epoch 20: Accuracy: 0.5983, Precision: 0.5919, Recall: 0.5983, F1: 0.5773, Cohen's Kappa: 0.5468, MCC: 0.6030
    Confusion Matrix:
     5943541,     55,  66383,  75373,   3157,  10630, 271516, 142592,3420779,     23
         779,2967853,  16386,    526, 670539,1256060,     68,  47517,    441,    309
        2087,  78916,1113841, 119807,  19960,  86221, 261358,   5039,  30330, 144118
           6,  32107,    828,4737661,3144471,    175,   1781,    245,      6,   1259
       22513,   2956,1705293,   2366,5968706,     55, 111934,1917148, 144872, 100267
     1434926,1898988, 179936,   1358,    430,5943473, 198549, 123928,  85830,  66518
         146,   3269,     35,   1801,    350, 299466,2972658, 182848,    978,1506958
        1248,  23384,   4667,      1,      1,     24, 121117,1114984, 598041,    120
       54434,1470654,  10149,   3447,  20608,1088072,  66710, 118208,4738007, 348827
        4215,1681721,    703,   2280,1046752,1174297,  90333,    251,   6833,5968677
    Class 0
      Precision: 0.9982
      Recall: 0.8055
      F1: 0.8916
      AUC: 0.9991
      AP: 0.8041
      Confusion Matrix:
       5943541,  10630
       1434926, 5943473
    Class 1
      Precision: 1.0000
      Recall: 0.9989
      F1: 0.9994
      AUC: 1.0000
      AP: 0.9989
      Confusion Matrix:
       2967853,     68
         3269, 2972658
    Class 2
      Precision: 0.9955
      Recall: 0.9958
      F1: 0.9957
      AUC: 0.9978
      AP: 0.9913
      Confusion Matrix:
       1113841,   5039
         4667, 1114984
    Class 3
      Precision: 1.0000
      Recall: 0.9993
      F1: 0.9996
      AUC: 1.0000
      AP: 0.9993
      Confusion Matrix:
       4737661,      6
         3447, 4738007
    Class 4
      Precision: 0.9835
      Recall: 0.8508
      F1: 0.9123
      AUC: 0.9917
      AP: 0.8367
      Confusion Matrix:
       5968706, 100267
       1046752, 5968677