Ablation Type: no_residual
==================================================
Epoch Results:
    Epoch 1: Accuracy: 0.6102, Precision: 0.6192, Recall: 0.6102, F1: 0.5980, Cohen's Kappa: 0.5594, MCC: 0.6260
    Confusion Matrix:
     6061756,  10271,   3383,  18540, 184723,   8882, 409404, 168986, 905221,2162883
        1000,3026883,1194327,   2085, 667715,  16904,     43,  48596,   2884,     41
        4911,   4594,1135995,  15528,  30008, 558698,  45523,  15152,    834,  50434
     2192592, 368286,  36072,4831892,  81378, 168429, 107126,  87977,  31794,  12993
     2541579,  41120, 240214, 236931,6087422,   7349,  13010,  80548, 693233,  34704
       78824, 216982, 750522,1915033,  42617,6061687, 289528, 373387, 169881,  35475
      556834,  18604, 187372,   4175,  72033,  91617,3031784, 469495, 530386,   6209
       47703,   7156, 477411,    426, 114801,  47056,  26212,1137160,   2130,   3532
         344,    649, 154393,2474114,     80,  30050, 179932,     19,4832244, 247291
        1308,  14071, 570562,2354143, 777623,   2808,    421,    574, 167159,6087393
    Class 0
      Precision: 0.9985
      Recall: 0.9872
      F1: 0.9928
      AUC: 0.9993
      AP: 0.9857
      Confusion Matrix:
       6061756,   8882
        78824, 6061687
    Class 1
      Precision: 1.0000
      Recall: 0.9939
      F1: 0.9969
      AUC: 1.0000
      AP: 0.9939
      Confusion Matrix:
       3026883,     43
        18604, 3031784
    Class 2
      Precision: 0.9868
      Recall: 0.7041
      F1: 0.8218
      AUC: 0.9934
      AP: 0.6948
      Confusion Matrix:
       1135995,  15152
       477411, 1137160
    Class 3
      Precision: 0.9935
      Recall: 0.6614
      F1: 0.7941
      AUC: 0.9967
      AP: 0.6570
      Confusion Matrix:
       4831892,  31794
       2474114, 4832244
    Class 4
      Precision: 0.9943
      Recall: 0.8867
      F1: 0.9375
      AUC: 0.9972
      AP: 0.8817
      Confusion Matrix:
       6087422,  34704
       777623, 6087393
    Epoch 2: Accuracy: 0.6145, Precision: 0.6443, Recall: 0.6145, F1: 0.6121, Cohen's Kappa: 0.5633, MCC: 0.6447
    Confusion Matrix:
     6104473,    288,  85048, 767218,1114656,   1959,  11564,  23547,1660179, 165117
       22694,3048213,   5582,   1494,  27812, 491725,1333237,   1789,  24029,   3903
      418413,  83174,1144000,   6476,   4051, 126188,  16057,  33249,  28545,   1524
         834,     31,   7944,4865942,     23,3030696,   3749,   3989,   4840,    491
     2972897, 279942, 117742,  22679,6130319,   4487,  11920,  55181,   1104, 379839
        7807,    758,   1488, 234656,  37864,6104403,   1815,  16479,3528468,    198
          28,     52,  11702,   1204,    467,     34,3053148,    228,  93269,1808377
          17,     53, 628550,    253,      1,    232,    170,1145174,      4,  89133
         264,     17,3001262,  15653,  10468,   1013,  18761,   5239,4866296,    143
          69,   1937,    378,    218,     76,3354077,  67868, 371902,  49247,6130290
    Class 0
      Precision: 0.9997
      Recall: 0.9987
      F1: 0.9992
      AUC: 0.9998
      AP: 0.9984
      Confusion Matrix:
       6104473,   1959
         7807, 6104403
    Class 1
      Precision: 0.6957
      Recall: 1.0000
      F1: 0.8205
      AUC: 0.8480
      AP: 0.6957
      Confusion Matrix:
       3048213, 1333237
           52, 3053148
    Class 2
      Precision: 0.9718
      Recall: 0.6454
      F1: 0.7756
      AUC: 0.9859
      AP: 0.6272
      Confusion Matrix:
       1144000,  33249
       628550, 1145174
    Class 3
      Precision: 0.9990
      Recall: 0.9968
      F1: 0.9979
      AUC: 0.9995
      AP: 0.9958
      Confusion Matrix:
       4865942,   4840
        15653, 4866296
    Class 4
      Precision: 0.9417
      Recall: 1.0000
      F1: 0.9699
      AUC: 0.9708
      AP: 0.9416
      Confusion Matrix:
       6130319, 379839
           76, 6130290
    Epoch 3: Accuracy: 0.6165, Precision: 0.6315, Recall: 0.6165, F1: 0.5978, Cohen's Kappa: 0.5692, MCC: 0.6180
    Confusion Matrix:
     6124341,  58641,  12787,  17604,2715366, 218419, 130203,  16687,  24566, 615435
        1721,3058134,1713648,  81837,   1267,  10558,   1263,    541,  17198,  74311
           5,      3,1147723,      1,   5451,   4982, 537752, 159412,     24,   6324
       11174, 180148,1578644,4881779,   1116,   5280,  23871,1233235,    849,   2443
        1908, 371462, 572064,    577,6150271,2752455,  17113, 106190,   1428,   2642
      104577,1158811, 979878, 364161, 179276,6124271, 357356,  20524, 343842, 301240
        1985,  32703,  56878,   3174,   2058,  20551,3063085,  93499,  71790,1622786
         288,    134,    103, 328395,  46361,  27600,    576,1148901, 310826,    403
        6888, 102917,2231852, 216641,   2361,   3302,  21383,   1309,4882135, 450328
        2984, 707943,   4723,  44698,2904783,  13864,  84229,  35381,  27215,6150242
    Class 0
      Precision: 0.9656
      Recall: 0.9832
      F1: 0.9743
      AUC: 0.9828
      AP: 0.9494
      Confusion Matrix:
       6124341, 218419
       104577, 6124271
    Class 1
      Precision: 0.9996
      Recall: 0.9894
      F1: 0.9945
      AUC: 0.9998
      AP: 0.9890
      Confusion Matrix:
       3058134,   1263
        32703, 3063085
    Class 2
      Precision: 0.8780
      Recall: 0.9999
      F1: 0.9350
      AUC: 0.9391
      AP: 0.8780
      Confusion Matrix:
       1147723, 159412
          103, 1148901
    Class 3
      Precision: 0.9998
      Recall: 0.9575
      F1: 0.9782
      AUC: 0.9999
      AP: 0.9573
      Confusion Matrix:
       4881779,    849
       216641, 4882135
    Class 4
      Precision: 0.9996
      Recall: 0.6792
      F1: 0.8088
      AUC: 0.9998
      AP: 0.6789
      Confusion Matrix:
       6150271,   2642
       2904783, 6150242
    Epoch 4: Accuracy: 0.6237, Precision: 0.6122, Recall: 0.6237, F1: 0.5928, Cohen's Kappa: 0.5782, MCC: 0.6500
    Confusion Matrix:
     6195866, 111873,  16107,  35964,2654596, 880138,  12702,   2634,   5295,  18874
       44274,3093850,1192849, 231845,   9279,  21658, 102882, 120734,  50282,  92825
         385,  71785,1161127, 246338,  83972,  22294, 186256,  81545,   7725,    250
       26739,1198932,  17810,4938792,  27007,  13284, 788397,    749, 905945,    884
        1047,    588, 802373,  83610,6222099, 710973, 178978,1462777,    672, 512993
          22,     13,3706704,   8118,  18204,6195795,   5069,      2,      1,      8
        1952,  24230,  25764,   9247,   3787,    695,3098859,  12275,   1144,1790556
        5110,  45794, 132334,   8057,  20995, 338644, 135870,1162319,   4381,  10083
     1188093,  17012,  49717, 163791, 222366, 351496, 319023, 638187,4939152,  30279
      702598,2767468, 242160,   7394,   1111,   1459,   1147,  30110,    546,6222069
    Class 0
      Precision: 0.8756
      Recall: 1.0000
      F1: 0.9337
      AUC: 0.9378
      AP: 0.8756
      Confusion Matrix:
       6195866, 880138
           22, 6195795
    Class 1
      Precision: 0.9678
      Recall: 0.9922
      F1: 0.9799
      AUC: 0.9839
      AP: 0.9603
      Confusion Matrix:
       3093850, 102882
        24230, 3098859
    Class 2
      Precision: 0.9344
      Recall: 0.8977
      F1: 0.9157
      AUC: 0.9672
      AP: 0.8388
      Confusion Matrix:
       1161127,  81545
       132334, 1162319
    Class 3
      Precision: 0.8450
      Recall: 0.9679
      F1: 0.9023
      AUC: 0.9225
      AP: 0.8179
      Confusion Matrix:
       4938792, 905945
       163791, 4939152
    Class 4
      Precision: 0.9238
      Recall: 0.9998
      F1: 0.9603
      AUC: 0.9619
      AP: 0.9237
      Confusion Matrix:
       6222099, 512993
         1111, 6222069
    Epoch 5: Accuracy: 0.6270, Precision: 0.6280, Recall: 0.6270, F1: 0.6084, Cohen's Kappa: 0.5801, MCC: 0.6500
    Confusion Matrix:
     6228648,   8122,   6933,  24114,  78003,1356768, 373680, 435904,  95791,1326086
      148947,3110219,     20,1295730,      3,      5, 272267, 130526,   2717,     44
       62361,  16857,1167271,   2648,  90106, 166823,    576,    125, 339407,  15503
       14106,  13797,   3546,4964923, 191319,1829972, 329154, 399931, 160629,  11162
          29,1352978,  52981,   5726,6255020,  39481,   6036,2231998,    411,  31450
           5,2287077,   6791,  82459,     69,6228577,    145,1328610,    119,     84
          56,    313, 692512,  19507,    236, 557474,3115255, 572173,    634,  10349
       25635,  17289,   3911,  54784,  17441,  11715,  43861,1168469, 520429,     53
         191,    176,     48,    343,2689907,  69870, 181745,      6,4965285,  11545
      128522, 138734,   8203,   3085, 873543,    344,     14,  42444,2526183,6254990
    Class 0
      Precision: 0.8211
      Recall: 1.0000
      F1: 0.9018
      AUC: 0.9106
      AP: 0.8211
      Confusion Matrix:
       6228648, 1356768
            5, 6228577
    Class 1
      Precision: 0.9195
      Recall: 0.9999
      F1: 0.9580
      AUC: 0.9598
      AP: 0.9194
      Confusion Matrix:
       3110219, 272267
          313, 3115255
    Class 2
      Precision: 0.9999
      Recall: 0.9967
      F1: 0.9983
      AUC: 0.9999
      AP: 0.9966
      Confusion Matrix:
       1167271,    125
         3911, 1168469
    Class 3
      Precision: 0.9687
      Recall: 0.9999
      F1: 0.9840
      AUC: 0.9843
      AP: 0.9686
      Confusion Matrix:
       4964923, 160629
          343, 4965285
    Class 4
      Precision: 0.9950
      Recall: 0.8775
      F1: 0.9325
      AUC: 0.9975
      AP: 0.8731
      Confusion Matrix:
       6255020,  31450
       873543, 6254990
    Epoch 6: Accuracy: 0.6324, Precision: 0.6096, Recall: 0.6324, F1: 0.6016, Cohen's Kappa: 0.5861, MCC: 0.6265
    Confusion Matrix:
     6282292,  58523,  91554, 374453,   5667,2621451,  36151, 120290, 337393,   6275
       12040,3137006,   3844,  18861, 133371,   1773,  28111, 211943,1323482,  90047
         600,    127,1177324,     91,  50497,    142,  23163,    102, 609606,     25
       10369,  49201,    120,5007684,    119,   7258, 114746,1038677,    232,1690133
       51157,  26132,2145612,  85507,6308891,  16862, 457042, 863454,   2763,  18690
     1794553,1202294,  24455,  37136, 376240,6282221,  35935,  79658,  72760,  28684
         638,  71027,   7014,   1125,    362,   1585,3142085, 171725,1571393,   1555
          10,    745, 650458,     13,      4,  21180,    714,1178532,      5,  11926
       12201,  17269,   2602, 122058,1815078,   9734,  96520, 820489,5008048,  15117
         824,  13542, 290496, 179124, 598718,  14543,1177947,   4451,1387556,6308861
    Class 0
      Precision: 0.7056
      Recall: 0.7778
      F1: 0.7399
      AUC: 0.8528
      AP: 0.5488
      Confusion Matrix:
       6282292, 2621451
       1794553, 6282221
    Class 1
      Precision: 0.9911
      Recall: 0.9779
      F1: 0.9844
      AUC: 0.9956
      AP: 0.9692
      Confusion Matrix:
       3137006,  28111
        71027, 3142085
    Class 2
      Precision: 0.9999
      Recall: 0.6441
      F1: 0.7835
      AUC: 1.0000
      AP: 0.6441
      Confusion Matrix:
       1177324,    102
       650458, 1178532
    Class 3
      Precision: 1.0000
      Recall: 0.9762
      F1: 0.9879
      AUC: 1.0000
      AP: 0.9762
      Confusion Matrix:
       5007684,    232
       122058, 5008048
    Class 4
      Precision: 0.9970
      Recall: 0.9133
      F1: 0.9534
      AUC: 0.9985
      AP: 0.9106
      Confusion Matrix:
       6308891,  18690
       598718, 6308861
    Epoch 7: Accuracy: 0.6344, Precision: 0.6246, Recall: 0.6344, F1: 0.6095, Cohen's Kappa: 0.5876, MCC: 0.6500
    Confusion Matrix:
     6302160,  66445,  27486,  39441,  15607,1040383,   9205, 147182,  16387,2269753
      593798,3146927, 578864,    430,  18108,    320,   6757, 614432,     67,    775
        2208,  37719,1181047, 185291,  12460, 303964,   8244,  82245,  48182,    317
           4,2368473,   6896,5023521,      2,   4715,  44865, 211754,     12, 258297
       20841,  10298,  15841,   1302,6328844,   1650,2194686,  46325, 386048, 970275
       18689, 103557, 119523,  37557,  41014,6302088, 809102, 655665, 337512,1509229
        7242,      2,1733024,     12,  40830,      8,3152022,     62,      9,  35298
        3185,    160,     35,     62,     48,    179,     16,1182259, 492736, 184907
      794878,  12344,   2014,   5907, 147166,1557421,  38644, 329784,5023887,   7071
       71224, 994247,    202,     33,     55,2568261,  13192,     19,     16,6328813
    Class 0
      Precision: 0.8583
      Recall: 0.9970
      F1: 0.9225
      AUC: 0.9292
      AP: 0.8558
      Confusion Matrix:
       6302160, 1040383
        18689, 6302088
    Class 1
      Precision: 0.9979
      Recall: 1.0000
      F1: 0.9989
      AUC: 0.9989
      AP: 0.9979
      Confusion Matrix:
       3146927,   6757
            2, 3152022
    Class 2
      Precision: 0.9349
      Recall: 1.0000
      F1: 0.9663
      AUC: 0.9675
      AP: 0.9349
      Confusion Matrix:
       1181047,  82245
           35, 1182259
    Class 3
      Precision: 1.0000
      Recall: 0.9988
      F1: 0.9994
      AUC: 1.0000
      AP: 0.9988
      Confusion Matrix:
       5023521,     12
         5907, 5023887
    Class 4
      Precision: 0.8671
      Recall: 1.0000
      F1: 0.9288
      AUC: 0.9335
      AP: 0.8671
      Confusion Matrix:
       6328844, 970275
           55, 6328813
    Epoch 8: Accuracy: 0.6399, Precision: 0.6308, Recall: 0.6399, F1: 0.6259, Cohen's Kappa: 0.5926, MCC: 0.6500
    Confusion Matrix:
     6356797,   7683, 224861,      2,   6879,1009665,2189656,    118, 138255,    133
     1161394,3174209,   2126, 249688,    177,    383, 358362,   4000,   3148,   6991
         184,    235,1191287,      1,   3424,      1,      6,     10,      1, 666528
      143174, 346750,     43,5067073,    351,2177156, 182135,     24,   1755,     78
      393756,1002171, 118752, 739174,6383712,  44419,  13249,  81546, 236875, 962456
         225,1652718, 274714,    219,1638514,6356725,   5149,   1845,   3581,    246
       46872,  49973,  23265,  13008,   8229,    397,3179348,1647196,    117,    104
        1669, 589958,     14,     22,  78646,     65,      9,1192509,    635,     60
          49,      7, 100778,1175850,   1686,1011022, 551239,  10934,5067442,    109
      469677, 110672,    673,    135,2928301,  74229,    258,    979,   7456,6383682
    Class 0
      Precision: 0.8629
      Recall: 1.0000
      F1: 0.9264
      AUC: 0.9315
      AP: 0.8629
      Confusion Matrix:
       6356797, 1009665
          225, 6356725
    Class 1
      Precision: 0.8986
      Recall: 0.9845
      F1: 0.9396
      AUC: 0.9494
      AP: 0.8846
      Confusion Matrix:
       3174209, 358362
        49973, 3179348
    Class 2
      Precision: 1.0000
      Recall: 1.0000
      F1: 1.0000
      AUC: 1.0000
      AP: 1.0000
      Confusion Matrix:
       1191287,     10
           14, 1192509
    Class 3
      Precision: 0.9997
      Recall: 0.8117
      F1: 0.8959
      AUC: 0.9998
      AP: 0.8114
      Confusion Matrix:
       5067073,   1755
       1175850, 5067442
    Class 4
      Precision: 0.8690
      Recall: 0.6855
      F1: 0.7664
      AUC: 0.9345
      AP: 0.5957
      Confusion Matrix:
       6383712, 962456
       2928301, 6383682
    Epoch 9: Accuracy: 0.6437, Precision: 0.6809, Recall: 0.6437, F1: 0.6374, Cohen's Kappa: 0.5996, MCC: 0.6500
    Confusion Matrix:
     6394547,     20,    360,     63,   1430,  28367,     73,   4633,   4511,3500045
       10022,3193059,    928,   2112, 308931,1202770,  14373,    703, 224235,   3345
        3726,    482,1198361,  45926, 163652,  18079,    432,    860,  46466, 383693
       41354,   1625,    224,5097163,   5306,     26,  46326,1938452,    138, 787925
        8528, 924017,   9223,  64720,6421622, 248844, 393830, 279856,1605721,  19749
     3335843, 193493,   1788,    160,   7179,6394474,     12,     89,    213,    685
       56027,1330694, 258503,  61723,  58003,    678,3198229,   1034,    633,   2985
       16416,  30486,  83586,  25384,  34090, 404230,  60765,1199590,   8189,    851
        2910,      7,   3362,  24948,    116,     15, 178513,2611254,5097534,    457
        5018,  20262, 109965,  22835,  10014, 172401,   5643,3206616,   1717,6421591
    Class 0
      Precision: 0.9956
      Recall: 0.6572
      F1: 0.7917
      AUC: 0.9978
      AP: 0.6543
      Confusion Matrix:
       6394547,  28367
       3335843, 6394474
    Class 1
      Precision: 0.9955
      Recall: 0.7058
      F1: 0.8260
      AUC: 0.9978
      AP: 0.7027
      Confusion Matrix:
       3193059,  14373
       1330694, 3198229
    Class 2
      Precision: 0.9993
      Recall: 0.9348
      F1: 0.9660
      AUC: 0.9996
      AP: 0.9341
      Confusion Matrix:
       1198361,    860
        83586, 1199590
    Class 3
      Precision: 1.0000
      Recall: 0.9951
      F1: 0.9975
      AUC: 1.0000
      AP: 0.9951
      Confusion Matrix:
       5097163,    138
        24948, 5097534
    Class 4
      Precision: 0.9969
      Recall: 0.9984
      F1: 0.9977
      AUC: 0.9985
      AP: 0.9954
      Confusion Matrix:
       6421622,  19749
        10014, 6421591
    Epoch 10: Accuracy: 0.6478, Precision: 0.6362, Recall: 0.6478, F1: 0.6148, Cohen's Kappa: 0.6056, MCC: 0.6483
    Confusion Matrix:
     6435276,1157133,   8485,   9419,   4076,  15102,   6360,2279916,   2973,  15309
         187,3213397, 648044, 862497,   3409, 127599,  48397,  20773,   6901,  29274
        5716,   8968,1205994,  89994,    770, 155844,  67947,      3,    862, 325579
        1708, 612731, 675562,5129629,  60323, 259694, 152192,  20571,  47045, 959084
      726924,     16,   1190,    417,6462524, 430755,1656261, 695689,   1478,    856
      804203, 825652,   1576,   6514,1746032,6435203,   1485,    619, 112047,    605
        1607,   3345,   1860,  64799,1191493, 288564,3218600,  59213,  20130, 118898
        2446,  54003,   4175,   5021,  25772,   4228, 534444,1207231,    516,  25751
        2263,1434423,  30764,  14458,   3589,  11733,1174790, 105999,5130003,  11094
       10892, 371725, 435067,   8329, 192238,   5464,  51532,2380448,  57875,6462492
    Class 0
      Precision: 0.9977
      Recall: 0.8889
      F1: 0.9402
      AUC: 0.9988
      AP: 0.8868
      Confusion Matrix:
       6435276,  15102
       804203, 6435203
    Class 1
      Precision: 0.9852
      Recall: 0.9990
      F1: 0.9920
      AUC: 0.9926
      AP: 0.9841
      Confusion Matrix:
       3213397,  48397
         3345, 3218600
    Class 2
      Precision: 1.0000
      Recall: 0.9966
      F1: 0.9983
      AUC: 1.0000
      AP: 0.9965
      Confusion Matrix:
       1205994,      3
         4175, 1207231
    Class 3
      Precision: 0.9909
      Recall: 0.9972
      F1: 0.9940
      AUC: 0.9955
      AP: 0.9881
      Confusion Matrix:
       5129629,  47045
        14458, 5130003
    Class 4
      Precision: 0.9999
      Recall: 0.9711
      F1: 0.9853
      AUC: 0.9999
      AP: 0.9710
      Confusion Matrix:
       6462524,    856
       192238, 6462492
    Epoch 11: Accuracy: 0.6516, Precision: 0.6399, Recall: 0.6516, F1: 0.6331, Cohen's Kappa: 0.6061, MCC: 0.6500
    Confusion Matrix:
     6473026,  88165,   2605,   1420,3021698,   1985,   3208,   4028, 324467,  13447
        3297,3232247,  96170, 615671,  36193, 662062,  57853,  11172,   4695, 241118
       10975,   6174,1213068,   5929,  83446,  12385, 405781,  56668,  21611,  45640
        4000,    639,   1366,5159720, 739191, 656471,  14347, 630161, 706479,   6165
        6488,    992,   1112,  71532,6500433, 492479,2614344,   1124, 287568,     38
        2038, 855569,   2387,   2748, 204260,6472952, 632374,1299373, 460487,   1748
        6911,1615342,   1588,   2995,   2996,    232,3237480,  54196,     64,  46705
        8269,   9755, 148465,  14620,  17098,    135,     68,1214313,    464, 450400
        5264,    712,  16263,  69702, 128607,  29197,    117,    168,5160095,2508991
       10565,  31011, 819469,  71482,1776858, 696733,  27712,   9795,  32036,6500401
    Class 0
      Precision: 0.9997
      Recall: 0.9997
      F1: 0.9997
      AUC: 0.9998
      AP: 0.9994
      Confusion Matrix:
       6473026,   1985
         2038, 6472952
    Class 1
      Precision: 0.9824
      Recall: 0.6668
      F1: 0.7944
      AUC: 0.9912
      AP: 0.6550
      Confusion Matrix:
       3232247,  57853
       1615342, 3237480
    Class 2
      Precision: 0.9554
      Recall: 0.8910
      F1: 0.9220
      AUC: 0.9777
      AP: 0.8512
      Confusion Matrix:
       1213068,  56668
       148465, 1214313
    Class 3
      Precision: 0.8796
      Recall: 0.9867
      F1: 0.9300
      AUC: 0.9398
      AP: 0.8678
      Confusion Matrix:
       5159720, 706479
        69702, 5160095
    Class 4
      Precision: 1.0000
      Recall: 0.7853
      F1: 0.8798
      AUC: 1.0000
      AP: 0.7853
      Confusion Matrix:
       6500433,     38
       1776858, 6500401