Ablation Type: alternative_fusion
==================================================
Epoch Results:
    Epoch 1: Accuracy: 0.7800, Precision: 0.7468, Recall: 0.7800, F1: 0.7455, Cohen's Kappa: 0.7518, MCC: 0.7828
    Confusion Matrix:
     7748558, 721345,   5806,  32859,  49415,    383,  85941,1202095,  86635,   1012
          19,3869172,   1871,   2585,1061706,    159,     19,   7218,  16338,   1391
      135463, 125130,1452108,    744,  89371,  57302,     27,     33,   1439,     60
      256938,  77259, 169503,6176460,  14383,  67602,  58441, 110192, 782760, 205001
      184882,   3917,  22196,    194,7781365, 386557,   1151,1192972, 399238,   3638
       56982,1800819,  97062,  38150,   6338,7748470,  79997,  91066,  12413,   2639
        3923,    687,  31163,  71225, 387705, 143747,3875437, 162731,  28798, 263093
        7392,   1360, 306912,    373,  18190,    274,  52506,1453597,  13114,   9869
       88560,  16178,1215400,   3886, 331089,   9992,  64941,   4195,6176910,   7965
     2128563,    223,  20147,    204,     13,   3302,   5287,  36706,    289,7781328
    Class 0
      Precision: 1.0000
      Recall: 0.9927
      F1: 0.9963
      AUC: 1.0000
      AP: 0.9927
      Confusion Matrix:
       7748558,    383
        56982, 7748470
    Class 1
      Precision: 1.0000
      Recall: 0.9998
      F1: 0.9999
      AUC: 1.0000
      AP: 0.9998
      Confusion Matrix:
       3869172,     19
          687, 3875437
    Class 2
      Precision: 1.0000
      Recall: 0.8255
      F1: 0.9044
      AUC: 1.0000
      AP: 0.8255
      Confusion Matrix:
       1452108,     33
       306912, 1453597
    Class 3
      Precision: 0.8875
      Recall: 0.9994
      F1: 0.9401
      AUC: 0.9438
      AP: 0.8870
      Confusion Matrix:
       6176460, 782760
         3886, 6176910
    Class 4
      Precision: 0.9995
      Recall: 1.0000
      F1: 0.9998
      AUC: 0.9998
      AP: 0.9995
      Confusion Matrix:
       7781365,   3638
           13, 7781328
    Epoch 2: Accuracy: 0.7815, Precision: 0.7728, Recall: 0.7815, F1: 0.7662, Cohen's Kappa: 0.7529, MCC: 0.7706
    Confusion Matrix:
     7763459,    527, 147870,    355, 273993, 301478,1437657,   4539,   3668,    503
       44749,3876613, 268035, 140390, 428396,  10656,  21225,   5587,   5760, 159067
           6,   1575,1454900, 325210,  51295,  20653,   1302,    570,   5434,    732
       37161,  21704,   4036,6188338, 465723,  31460,   4490,   6732,  15803,1143092
         131,  75989, 775445,   7623,7796329, 183250, 177741,  38652, 919878,   1072
       91265,  66006, 490018,    128, 429146,7763370,1011385,   3571,  11321,  67726
       38266,   3388,    952, 252204, 558227,   2030,3882889,    395,  97070, 133088
       19665, 174929,   2992,  52879, 110533,   2545,  12026,1456393,  10967,  20658
        1427,1703245,     18,    635,  23100,    198,    588,    778,6188789,    338
          85,    365, 354787,    550,1248853,   1969, 114718,     52, 458391,7796292
    Class 0
      Precision: 0.9626
      Recall: 0.9884
      F1: 0.9753
      AUC: 0.9813
      AP: 0.9514
      Confusion Matrix:
       7763459, 301478
        91265, 7763370
    Class 1
      Precision: 0.9946
      Recall: 0.9991
      F1: 0.9968
      AUC: 0.9973
      AP: 0.9937
      Confusion Matrix:
       3876613,  21225
         3388, 3882889
    Class 2
      Precision: 0.9996
      Recall: 0.9979
      F1: 0.9988
      AUC: 0.9998
      AP: 0.9976
      Confusion Matrix:
       1454900,    570
         2992, 1456393
    Class 3
      Precision: 0.9975
      Recall: 0.9999
      F1: 0.9987
      AUC: 0.9987
      AP: 0.9974
      Confusion Matrix:
       6188338,  15803
          635, 6188789
    Class 4
      Precision: 0.9999
      Recall: 0.8619
      F1: 0.9258
      AUC: 0.9999
      AP: 0.8618
      Confusion Matrix:
       7796329,   1072
       1248853, 7796292
    Epoch 3: Accuracy: 0.7836, Precision: 0.7450, Recall: 0.7836, F1: 0.7498, Cohen's Kappa: 0.7558, MCC: 0.7636
    Confusion Matrix:
     7784320,    582,1844331,  74840,  10377,   1557, 191354,   4740,    819,  21129
        1000,3887030, 626485,    816,  15309,    224,    281,  97877, 310520,  20936
       11896,     52,1458810, 352977,    141,   1900,  14145,   2245,    426,  19085
         956,  26874,    800,6204967, 156647,   1692,     38,     51,    111,1526403
       33489, 572733,   9009,  26836,7817279, 724101,  70254, 152450, 548260,  21699
      789860,     43,    346,    747, 278292,7784232,   2898, 967829,     45, 109644
        1672,   1271,  94288,  90908,   1996, 762284,3893323, 119483,      8,   3276
         123,  27172,    335,   8420,   7296,     24,     30,1460306, 359875,      6
         351,1685351,    368,    118,  25975,      8,    716,     30,6205419,    780
      231098, 347259,  83535, 734058,  97985,    274,    609, 171672, 492330,7817242
    Class 0
      Precision: 0.9998
      Recall: 0.9079
      F1: 0.9516
      AUC: 0.9999
      AP: 0.9077
      Confusion Matrix:
       7784320,   1557
       789860, 7784232
    Class 1
      Precision: 0.9999
      Recall: 0.9997
      F1: 0.9998
      AUC: 1.0000
      AP: 0.9996
      Confusion Matrix:
       3887030,    281
         1271, 3893323
    Class 2
      Precision: 0.9985
      Recall: 0.9998
      F1: 0.9991
      AUC: 0.9992
      AP: 0.9982
      Confusion Matrix:
       1458810,   2245
          335, 1460306
    Class 3
      Precision: 1.0000
      Recall: 1.0000
      F1: 1.0000
      AUC: 1.0000
      AP: 1.0000
      Confusion Matrix:
       6204967,    111
          118, 6205419
    Class 4
      Precision: 0.9972
      Recall: 0.9876
      F1: 0.9924
      AUC: 0.9986
      AP: 0.9849
      Confusion Matrix:
       7817279,  21699
        97985, 7817242
    Epoch 4: Accuracy: 0.7875, Precision: 0.7518, Recall: 0.7875, F1: 0.7505, Cohen's Kappa: 0.7604, MCC: 0.7867
    Confusion Matrix:
     7823063,    590,  13303, 560396,1508078,   2325,  15288,    229,  10254,    523
       26686,3906376,   5760,   9816, 110272,   4752,   2607, 786183,    321, 107705
           9,    959,1466070,  44624,    415, 231992,    485, 109321,     75,   7727
      876841,   2272, 108240,6235849, 125265,   2160, 513427,    315,  38270,  15900
       15131, 219572,   1134,   1259,7856186,  14660,   2047,1351234, 424564,  90323
        9088,   2203, 180436, 607230,  10339,7822974,  41108,1227729,  16149,  16680
       28550,    310,      4,   1109, 621500, 398435,3912700,     76,     27,   5798
        2216,  61408,   5016,  95000, 224632,   1414,   2592,1467574,   2884,    851
         230,    237,1327521,  11222, 250790,  75913,     21,  16672,6236303,    207
      111329,1218623, 354337,    355,   3656, 406992,     52,  23968,    602,7856148
    Class 0
      Precision: 0.9997
      Recall: 0.9988
      F1: 0.9993
      AUC: 0.9999
      AP: 0.9985
      Confusion Matrix:
       7823063,   2325
         9088, 7822974
    Class 1
      Precision: 0.9993
      Recall: 0.9999
      F1: 0.9996
      AUC: 0.9997
      AP: 0.9993
      Confusion Matrix:
       3906376,   2607
          310, 3912700
    Class 2
      Precision: 0.9306
      Recall: 0.9966
      F1: 0.9625
      AUC: 0.9653
      AP: 0.9274
      Confusion Matrix:
       1466070, 109321
         5016, 1467574
    Class 3
      Precision: 0.9939
      Recall: 0.9982
      F1: 0.9960
      AUC: 0.9970
      AP: 0.9921
      Confusion Matrix:
       6235849,  38270
        11222, 6236303
    Class 4
      Precision: 0.9886
      Recall: 0.9995
      F1: 0.9941
      AUC: 0.9943
      AP: 0.9882
      Confusion Matrix:
       7856186,  90323
         3656, 7856148
    Epoch 5: Accuracy: 0.7892, Precision: 0.7580, Recall: 0.7892, F1: 0.7676, Cohen's Kappa: 0.7613, MCC: 0.7807
    Confusion Matrix:
     7839951,  15716,    888,    334,  15981, 235013,1529739, 165847,  52912,  77668
        4585,3914809,   4341,  91522,  11496, 128003,  11923,   2542, 554664, 236593
        3288, 154923,1469235,   2183,    334,   3793,  21941, 201165,   1997,   2818
      267104, 359437,  45546,6249310,  13996, 484408,   7653, 483238,   1283,   6564
          24,      1, 150499,      6,7873146,1710679,   1195, 203820,    402,  36338
      941122,  11531,    496,    142,     52,7839862,   5458,     16,    119,1135138
         216,   6495,   1079, 218117, 388778,   1708,3921147, 426229,     26,   4714
      353422,     64,    499,    613,    539,  16474,     79,1470742,     31,  21124
      316196, 551618, 198723,  32549, 517728,  18027,   3596,   5149,6249766,  25764
       64460,  66095, 397631,  50056,  22785,   1602, 651658,  19953, 828714,7873108
    Class 0
      Precision: 0.9709
      Recall: 0.8928
      F1: 0.9302
      AUC: 0.9854
      AP: 0.8668
      Confusion Matrix:
       7839951, 235013
       941122, 7839862
    Class 1
      Precision: 0.9970
      Recall: 0.9983
      F1: 0.9977
      AUC: 0.9985
      AP: 0.9953
      Confusion Matrix:
       3914809,  11923
         6495, 3921147
    Class 2
      Precision: 0.8796
      Recall: 0.9997
      F1: 0.9358
      AUC: 0.9398
      AP: 0.8793
      Confusion Matrix:
       1469235, 201165
          499, 1470742
    Class 3
      Precision: 0.9998
      Recall: 0.9948
      F1: 0.9973
      AUC: 0.9999
      AP: 0.9946
      Confusion Matrix:
       6249310,   1283
        32549, 6249766
    Class 4
      Precision: 0.9954
      Recall: 0.9971
      F1: 0.9963
      AUC: 0.9977
      AP: 0.9925
      Confusion Matrix:
       7873146,  36338
        22785, 7873108
    Epoch 6: Accuracy: 0.7926, Precision: 0.7716, Recall: 0.7926, F1: 0.7554, Cohen's Kappa: 0.7667, MCC: 0.8163
    Confusion Matrix:
     2573727,   2768, 118005,   5433,  14500,   9897,   4238,1872258,  32529,    694
         361,931674,   2520,   2279,  15539,    549,  17916,   9919, 926508,  53213
      122062,   9966,405565,  19467,    520,    256,  90501, 142536,     14,    790
         864,  63993, 408112,2076234,    960, 338055,  14322, 682181,   5862, 127956
          98,    209, 339290,    445,2007064,  59293,    488, 598275, 147491, 923457
        5118, 271029, 170904,  47779,  91931,2073637,  50425, 389490, 143960, 889663
         147,   2907,    764, 153483,  11365,  35847,1038040, 807459,  18319,    178
       40360,   1841,  92245,    202, 226187,  12572,   1676,477079,   8114,   3311
       83742, 182674,1373787,    150,    856,    549,    105,    489,1576691,     73
      116262,  13726,  55073,   3269,  26985,  21623, 107772, 138106,1586220,2507026
    Class 0
      Precision: 0.9987
      Recall: 0.9994
      F1: 0.9990
      AUC: 0.9994
      AP: 0.9981
      Confusion Matrix:
       7873727,   9897
         5118, 7873637
    Class 1
      Precision: 0.9955
      Recall: 0.9993
      F1: 0.9974
      AUC: 0.9977
      AP: 0.9947
      Confusion Matrix:
       3931674,  17916
         2907, 3938040
    Class 2
      Precision: 0.9119
      Recall: 0.9412
      F1: 0.9263
      AUC: 0.9560
      AP: 0.8583
      Confusion Matrix:
       1475565, 142536
        92245, 1477079
    Class 3
      Precision: 0.9991
      Recall: 1.0000
      F1: 0.9995
      AUC: 0.9995
      AP: 0.9990
      Confusion Matrix:
       6276234,   5862
          150, 6276691
    Class 4
      Precision: 0.8954
      Recall: 0.9966
      F1: 0.9433
      AUC: 0.9477
      AP: 0.8924
      Confusion Matrix:
       7907064, 923457
        26985, 7907026
    Epoch 7: Accuracy: 0.7973, Precision: 0.7763, Recall: 0.7973, F1: 0.7795, Cohen's Kappa: 0.7703, MCC: 0.7803
    Confusion Matrix:
     7920417,   5513,  59353,  59037, 228224,  12965, 431020, 102183, 997699, 117638
        1584,3954989, 259102,  36906,   4287, 606025,    501,  10481,  26598,  60005
         844,    654,1484315, 218648, 154368,    256,    165,    897,    569,    961
      128473,  20650,    371,6313451,  21208,1109935,    841, 279769,   1082,  42759
       36914, 147770,  12192,  17735,7953952,    240, 614200, 809308, 378336,   5463
      135910,  43472,  11751,1268352, 158638,7920327, 111507,  21028, 228948,  34003
         170,    409, 300032, 548351,  82833,     26,3961392,    494,  74741,     61
       53577,     30,    104,     80,   1598,   6026,   4883,1485837,    125, 311327
     1586118,    219,   6027,   7198,    574,     14,   1168,   3791,6313911,     96
     1222605,  20906,  13077,   6884,   1064,   1566,   3477, 617995, 134574,7953914
    Class 0
      Precision: 0.9984
      Recall: 0.9831
      F1: 0.9907
      AUC: 0.9992
      AP: 0.9815
      Confusion Matrix:
       7920417,  12965
       135910, 7920327
    Class 1
      Precision: 0.9999
      Recall: 0.9999
      F1: 0.9999
      AUC: 0.9999
      AP: 0.9998
      Confusion Matrix:
       3954989,    501
          409, 3961392
    Class 2
      Precision: 0.9994
      Recall: 0.9999
      F1: 0.9997
      AUC: 0.9997
      AP: 0.9993
      Confusion Matrix:
       1484315,    897
          104, 1485837
    Class 3
      Precision: 0.9998
      Recall: 0.9989
      F1: 0.9993
      AUC: 0.9999
      AP: 0.9987
      Confusion Matrix:
       6313451,   1082
         7198, 6313911
    Class 4
      Precision: 0.9993
      Recall: 0.9999
      F1: 0.9996
      AUC: 0.9997
      AP: 0.9992
      Confusion Matrix:
       7953952,   5463
         1064, 7953914
    Epoch 8: Accuracy: 0.7975, Precision: 0.7751, Recall: 0.7975, F1: 0.7808, Cohen's Kappa: 0.7709, MCC: 0.8089
    Confusion Matrix:
     7922404, 892852,  14814,    714, 159820,   4336, 782187,   3022, 139742,  14158
      285248,3955981,  74595, 152731,    818,  28804, 150568, 202849,  71572,  37312
       71179,     76,1484687,      7,  56787, 227997,     18,     26,   4734,  16166
      210391,   2672,    120,6315034, 554672, 415349, 235946,  85012,  98053,   1290
        2296,1291166,    848,   1095,7955947,    847,   8647, 707682,   2150,   5432
       69072,  53203, 146253,   1287, 146752,7922313,    103,  25051, 924260, 645642
         200, 327736,    386,     18,    547,    258,3962385,  10464, 377847, 288668
       15213,     17, 158928,     88,     27,  44344, 152046,1486210,   6705,      9
       38311,1047858,      6,   9253,  16260,      4, 136523,   2617,6315495, 352789
           4,     62,   2374,1322623,      9, 693031,    332,   1637,     81,7955909
    Class 0
      Precision: 0.9995
      Recall: 0.9914
      F1: 0.9954
      AUC: 0.9997
      AP: 0.9908
      Confusion Matrix:
       7922404,   4336
        69072, 7922313
    Class 1
      Precision: 0.9633
      Recall: 0.9235
      F1: 0.9430
      AUC: 0.9817
      AP: 0.8896
      Confusion Matrix:
       3955981, 150568
       327736, 3962385
    Class 2
      Precision: 1.0000
      Recall: 0.9033
      F1: 0.9492
      AUC: 1.0000
      AP: 0.9033
      Confusion Matrix:
       1484687,     26
       158928, 1486210
    Class 3
      Precision: 0.9847
      Recall: 0.9985
      F1: 0.9916
      AUC: 0.9924
      AP: 0.9833
      Confusion Matrix:
       6315034,  98053
         9253, 6315495
    Class 4
      Precision: 0.9993
      Recall: 1.0000
      F1: 0.9997
      AUC: 0.9997
      AP: 0.9993
      Confusion Matrix:
       7955947,   5432
            9, 7955909
    Epoch 9: Accuracy: 0.8010, Precision: 0.7824, Recall: 0.8010, F1: 0.7846, Cohen's Kappa: 0.7746, MCC: 0.7956
    Confusion Matrix:
     7957173,  88862,    912,1344799, 281136,  82793, 111577,   1617,  60306,   4874
      487525,3973342,  36491,   9126,   3362, 178353, 100256,  22932, 147179,   1912
       38204,  34518,1491203,   1041, 295232,    102,     72,     22,     14,   1269
         673,    637,      3,6342749, 448770,      6,     23,  66182,1059494,      2
        8657, 183827,   4020,   1096,7990864,  13314,1658905,  74230,   5661,  35536
        4007, 413375,1242536,      6,    758,7957082,   3670,   3982,   5653, 302867
      614616,  16106,   6409,    841,   3530,   2205,3979775,  14123,  11283, 319621
      124670,  17591,  11670,   2467,    176,    954,    817,1492733,   3621, 208888
     1008981,    664,   1052,  39775,  71541,  33308, 347290,  37642,6343211,  35652
     1254629,   7389, 443509,   3953,   3958, 108428,  10579, 102138,  50654,7990825
    Class 0
      Precision: 0.9897
      Recall: 0.9995
      F1: 0.9946
      AUC: 0.9949
      AP: 0.9892
      Confusion Matrix:
       7957173,  82793
         4007, 7957082
    Class 1
      Precision: 0.9754
      Recall: 0.9960
      F1: 0.9856
      AUC: 0.9877
      AP: 0.9715
      Confusion Matrix:
       3973342, 100256
        16106, 3979775
    Class 2
      Precision: 1.0000
      Recall: 0.9922
      F1: 0.9961
      AUC: 1.0000
      AP: 0.9922
      Confusion Matrix:
       1491203,     22
        11670, 1492733
    Class 3
      Precision: 0.8569
      Recall: 0.9938
      F1: 0.9203
      AUC: 0.9284
      AP: 0.8515
      Confusion Matrix:
       6342749, 1059494
        39775, 6343211
    Class 4
      Precision: 0.9956
      Recall: 0.9995
      F1: 0.9975
      AUC: 0.9978
      AP: 0.9951
      Confusion Matrix:
       7990864,  35536
         3958, 7990825
    Epoch 10: Accuracy: 0.8052, Precision: 0.7686, Recall: 0.8052, F1: 0.7743, Cohen's Kappa: 0.7801, MCC: 0.7724
    Confusion Matrix:
     7998896,   7712, 413510,  12415,  50465,  92968,   8291,   1840,  18450,1329502
         239,3994176,  14712,    486, 877865,    873,   1599,   2115,   5522,  62891
        2692, 122319,1499022,  65435,  20097,    133, 139113,     57,  10991,   1818
       29872, 184070,     38,6376007,   3218,   1220,   3438,1319612,    994,     70
      808112, 418162,  46580, 111572,8032763,   6916, 334427, 214584,    892,   2102
         274,1165716, 145690, 105258,  18311,7998805, 394080,  65949,  32372,   7481
        1323, 561376, 307620,   4450,  44683,   3465,4000643,  11348,   7759,  25842
         275,   2514, 271200,    280,     39,  17064,   5065,1500560,  45544,  21046
        1067,1416343,    482,  65906,   1417,    129,  41430,  14886,6376472,    984
      435378, 227988, 133945, 362052,  98701, 652880,  17622,  11847,   2924,8032725
    Class 0
      Precision: 0.9885
      Recall: 1.0000
      F1: 0.9942
      AUC: 0.9943
      AP: 0.9885
      Confusion Matrix:
       7998896,  92968
          274, 7998805
    Class 1
      Precision: 0.9996
      Recall: 0.8768
      F1: 0.9342
      AUC: 0.9998
      AP: 0.8764
      Confusion Matrix:
       3994176,   1599
       561376, 4000643
    Class 2
      Precision: 1.0000
      Recall: 0.8468
      F1: 0.9170
      AUC: 1.0000
      AP: 0.8468
      Confusion Matrix:
       1499022,     57
       271200, 1500560
    Class 3
      Precision: 0.9998
      Recall: 0.9898
      F1: 0.9948
      AUC: 0.9999
      AP: 0.9896
      Confusion Matrix:
       6376007,    994
        65906, 6376472
    Class 4
      Precision: 0.9997
      Recall: 0.9879
      F1: 0.9938
      AUC: 0.9999
      AP: 0.9876
      Confusion Matrix:
       8032763,   2102
        98701, 8032725
    Epoch 11: Accuracy: 0.8066, Precision: 0.7744, Recall: 0.8066, F1: 0.7796, Cohen's Kappa: 0.7815, MCC: 0.8020
    Confusion Matrix:
     8012803,1604299,   4105, 111327,   8895,   1890,    418,     44,   1112, 189156
        4900,4001121,  22052,  28020,  76050,   4265, 768224,  16243,   1485,  38118
           3,     69,1501628,      2,      2,  68483,  66353, 224113,    943,     81
      217485,  12225,  35062,6387093, 361963, 540394, 123834,  30032, 102304, 108147
           2, 118919,   3474,     58,8046730,    336,  32836,1248561, 492423,  32771
         294,   1124,   1235,1196699,   1521,8012712, 360660, 137283,   1923, 220485
       12188,  12742, 340102,   2789,   2770,   4530,4007599,    795,  67168, 517826
          37,  24772,     74,      9, 201776,    479,      7,1503169,    409, 132855
      718941,   1578,   5321,   2160, 223296, 291926,    284, 188772,6387558,  99280
       14269, 132706,  10813,    858,   3224,  12925,   1004,1044659, 708913,8046691
    Class 0
      Precision: 0.9998
      Recall: 1.0000
      F1: 0.9999
      AUC: 0.9999
      AP: 0.9997
      Confusion Matrix:
       8012803,   1890
          294, 8012712
    Class 1
      Precision: 0.8389
      Recall: 0.9968
      F1: 0.9111
      AUC: 0.9196
      AP: 0.8363
      Confusion Matrix:
       4001121, 768224
        12742, 4007599
    Class 2
      Precision: 0.8701
      Recall: 1.0000
      F1: 0.9305
      AUC: 0.9351
      AP: 0.8701
      Confusion Matrix:
       1501628, 224113
           74, 1503169
    Class 3
      Precision: 0.9842
      Recall: 0.9997
      F1: 0.9919
      AUC: 0.9921
      AP: 0.9839
      Confusion Matrix:
       6387093, 102304
         2160, 6387558
    Class 4
      Precision: 0.9959
      Recall: 0.9996
      F1: 0.9978
      AUC: 0.9980
      AP: 0.9955
      Confusion Matrix:
       8046730,  32771
         3224, 8046691
    Epoch 12: Accuracy: 0.8085, Precision: 0.7791, Recall: 0.8085, F1: 0.7786, Cohen's Kappa: 0.7837, MCC: 0.7772
    Confusion Matrix:
     8031678,  14031,    290,   1202,1883704,     87,    195,     46,    158,   2658
       13404,4010546,    255,    160,  16196,   1184,   1261,    180, 913485,   3807
         349,    783,1505165,  53091,     90,  91533,   1684,    149,  22709, 186124
         765, 173215, 267161,6402138,   1364,  32541,  33817,1005372,   2027,    139
       30207,  12582,    517,  34310,8065684,  11763,  61090,1677825,  21481,  60651
       50961,  27634, 268594, 958229,  85009,8031587,  20150,  10100,  25149, 456523
          12, 390807,     34,     47,     29,   2525,4017039, 412224,   7214, 138578
      295989,  25738,    486,    433,    694,  12850,  14268,1506710,    158,   6261
         329,  17417, 614954, 284243,   6292,  16627, 123635,   3462,6402605, 449552
       33412,   7385,  82255,1655830,   1326,  71586,  54440,   1769,   2413,8065646
    Class 0
      Precision: 1.0000
      Recall: 0.9937
      F1: 0.9968
      AUC: 1.0000
      AP: 0.9937
      Confusion Matrix:
       8031678,     87
        50961, 8031587
    Class 1
      Precision: 0.9997
      Recall: 0.9112
      F1: 0.9534
      AUC: 0.9998
      AP: 0.9109
      Confusion Matrix:
       4010546,   1261
       390807, 4017039
    Class 2
      Precision: 0.9999
      Recall: 0.9997
      F1: 0.9998
      AUC: 1.0000
      AP: 0.9996
      Confusion Matrix:
       1505165,    149
          486, 1506710
    Class 3
      Precision: 0.9997
      Recall: 0.9575
      F1: 0.9781
      AUC: 0.9998
      AP: 0.9572
      Confusion Matrix:
       6402138,   2027
       284243, 6402605
    Class 4
      Precision: 0.9925
      Recall: 0.9998
      F1: 0.9962
      AUC: 0.9963
      AP: 0.9924
      Confusion Matrix:
       8065684,  60651
         1326, 8065646
    Epoch 13: Accuracy: 0.8129, Precision: 0.7856, Recall: 0.8129, F1: 0.7895, Cohen's Kappa: 0.7882, MCC: 0.7624
    Confusion Matrix:
     8075388, 299162,  84623, 586765,   4468, 149642,  14160,  55792, 655390,   8659
       30233,4032372,   4849, 472079,      2, 352533,     59,  46439,  19452,   2460
      321115,     27,1513357,    174,   1385,   1105,     69,      2,  23003,   1440
        2240,    954, 264801,6436980,  44244,   1063,   1616,1147453,   6717,  12471
         867,    828,  42544, 776332,8109579,   2028,  58413,    248, 983200,   2071
      503605,  75098,   1031,  13812, 293887,8075296,   4517,    122, 829133, 137435
      340322,   1776,  22013, 290500,  65176,  14167,4038900,   7571,  44393, 143691
         982,   1544, 228110,     21,   1704, 104481,    169,1514909,     50,  11617
     1143102,    160,    323, 263826,    822,  59720,    340,   9580,6437449,   3794
       57038, 350409, 974223, 139607,   1652, 321707,   5125,  14347,   2414,8109540
    Class 0
      Precision: 0.9818
      Recall: 0.9413
      F1: 0.9611
      AUC: 0.9909
      AP: 0.9242
      Confusion Matrix:
       8075388, 149642
       503605, 8075296
    Class 1
      Precision: 1.0000
      Recall: 0.9996
      F1: 0.9998
      AUC: 1.0000
      AP: 0.9995
      Confusion Matrix:
       4032372,     59
         1776, 4038900
    Class 2
      Precision: 1.0000
      Recall: 0.8690
      F1: 0.9299
      AUC: 1.0000
      AP: 0.8690
      Confusion Matrix:
       1513357,      2
       228110, 1514909
    Class 3
      Precision: 0.9990
      Recall: 0.9606
      F1: 0.9794
      AUC: 0.9995
      AP: 0.9596
      Confusion Matrix:
       6436980,   6717
       263826, 6437449
    Class 4
      Precision: 0.9997
      Recall: 0.9998
      F1: 0.9998
      AUC: 0.9999
      AP: 0.9995
      Confusion Matrix:
       8109579,   2071
         1652, 8109540
    Epoch 14: Accuracy: 0.8155, Precision: 0.7830, Recall: 0.8155, F1: 0.7840, Cohen's Kappa: 0.7922, MCC: 0.8135
    Confusion Matrix:
     8101216, 876808,    139, 349241,   2851,    216, 557397,   1941,  43977,    263
       79936,4045269, 298606,   1266,  14276, 131035, 310400,  16350,  61758,   1582
        1237,   3631,1518197, 172169,     31,     57,  53777,  29713,    686,  82179
       59908, 548340,   3173,6457568,    624,   4014,  60691,   3472, 743164,  37585
        8838,     20,1818301,    205,8135517,   3764,    218,   6198,   3005,     44
       60623, 391453, 152320,  16515,   8647,8101124,  41838, 248897, 861893,  50626
       50839, 211233,  33408, 345140,   1580,    730,4051819,  15536, 249713,   8511
           7,    118,    785, 291282,  49969,      4,   1585,1519755,     50,     32
       13787, 659389, 111580, 304399,   9244,   9841, 209931,  75280,6458039,  67626
       58938,   6563, 351288,    564,   1049,  29185,1369791,   7361,  15845,8135478
    Class 0
      Precision: 1.0000
      Recall: 0.9926
      F1: 0.9963
      AUC: 1.0000
      AP: 0.9925
      Confusion Matrix:
       8101216,    216
        60623, 8101124
    Class 1
      Precision: 0.9287
      Recall: 0.9504
      F1: 0.9394
      AUC: 0.9644
      AP: 0.8826
      Confusion Matrix:
       4045269, 310400
       211233, 4051819
    Class 2
      Precision: 0.9808
      Recall: 0.9995
      F1: 0.9901
      AUC: 0.9904
      AP: 0.9803
      Confusion Matrix:
       1518197,  29713
          785, 1519755
    Class 3
      Precision: 0.8968
      Recall: 0.9550
      F1: 0.9250
      AUC: 0.9484
      AP: 0.8564
      Confusion Matrix:
       6457568, 743164
       304399, 6458039
    Class 4
      Precision: 1.0000
      Recall: 0.9999
      F1: 0.9999
      AUC: 1.0000
      AP: 0.9999
      Confusion Matrix:
       8135517,     44
         1049, 8135478
    Epoch 15: Accuracy: 0.8153, Precision: 0.7803, Recall: 0.8153, F1: 0.7874, Cohen's Kappa: 0.7910, MCC: 0.8001
    Confusion Matrix:
     8099230,    901,   4708,  10929,  17450, 225911,  44022,1255560, 275006,    332
      564420,4044277,  96793,  18862, 143101,  19367,  23485,   6372,  19180,  24621
           1,    104,1517825, 317240,    368,   5765,    436,  17766,      4,   2168
       26836,    552,    415,6455984,   9451,    393,    902, 529903,    269, 893834
     1137768, 162358,   7201, 404832,8133522,  66704,   3432,   2278,  38745,  19270
      135271,   9213, 414609,   5141,   7333,8099138,1161543,  47203,  18944,  35541
         881,    396,   2777, 247279, 127897,  11288,4050825,  38580,    138, 488448
           7,  32108, 254653,   1380,      4,   1722,    843,1519382,  53430,     58
      524805,   2473, 352099, 133378,  49226,   7851,   4012, 143315,6456455, 245502
      183079, 304623,   7977,1061604,  85133,    607, 196820,    299,   2437,8133483
    Class 0
      Precision: 0.9729
      Recall: 0.9836
      F1: 0.9782
      AUC: 0.9864
      AP: 0.9569
      Confusion Matrix:
       8099230, 225911
       135271, 8099138
    Class 1
      Precision: 0.9942
      Recall: 0.9999
      F1: 0.9971
      AUC: 0.9971
      AP: 0.9941
      Confusion Matrix:
       4044277,  23485
          396, 4050825
    Class 2
      Precision: 0.9884
      Recall: 0.8563
      F1: 0.9177
      AUC: 0.9942
      AP: 0.8464
      Confusion Matrix:
       1517825,  17766
       254653, 1519382
    Class 3
      Precision: 1.0000
      Recall: 0.9798
      F1: 0.9898
      AUC: 1.0000
      AP: 0.9797
      Confusion Matrix:
       6455984,    269
       133378, 6456455
    Class 4
      Precision: 0.9976
      Recall: 0.9896
      F1: 0.9936
      AUC: 0.9988
      AP: 0.9873
      Confusion Matrix:
       8133522,  19270
        85133, 8133483
    Epoch 16: Accuracy: 0.8212, Precision: 0.7946, Recall: 0.8212, F1: 0.7978, Cohen's Kappa: 0.7975, MCC: 0.7635
    Confusion Matrix:
     8157841, 136165,    192, 114067, 826325,  69065,  25941, 382843, 205437,  16173
       83414,4073544,     81,    273, 716576,     40,      1,   6393,  71485,   8671
         502,   1964,1528809,  49735,  43532,      7,    218,    120,  97383, 139407
      457911,  43941, 620962,6502704,    856,  55756, 195966,   4721,  24865,  10857
       62233, 234615,   3597, 525815,8192381,     74,  13210, 571698,    639, 371848
           4,    136,     51,   6267,    619,8157748,      2, 984980,   3488, 780641
        9985,   8450,  49671,  27606, 343927, 367305,4080139,  15488,   9263,  56675
         159,  21792,    623,    179,    251, 262364,  21834,1530377,    302,  25706
        3677,  24804, 124741, 152109, 193546,  48331,  39258, 561553,6503178, 267919
      823328,  15600,   3540,  24014, 378172,  42426, 244781,   7525, 244334,8192342
    Class 0
      Precision: 0.9916
      Recall: 1.0000
      F1: 0.9958
      AUC: 0.9958
      AP: 0.9916
      Confusion Matrix:
       8157841,  69065
            4, 8157748
    Class 1
      Precision: 1.0000
      Recall: 0.9979
      F1: 0.9990
      AUC: 1.0000
      AP: 0.9979
      Confusion Matrix:
       4073544,      1
         8450, 4080139
    Class 2
      Precision: 0.9999
      Recall: 0.9996
      F1: 0.9998
      AUC: 1.0000
      AP: 0.9995
      Confusion Matrix:
       1528809,    120
          623, 1530377
    Class 3
      Precision: 0.9962
      Recall: 0.9771
      F1: 0.9866
      AUC: 0.9981
      AP: 0.9734
      Confusion Matrix:
       6502704,  24865
       152109, 6503178
    Class 4
      Precision: 0.9566
      Recall: 0.9559
      F1: 0.9562
      AUC: 0.9783
      AP: 0.9144
      Confusion Matrix:
       8192381, 371848
       378172, 8192342
    Epoch 17: Accuracy: 0.8211, Precision: 0.7792, Recall: 0.8211, F1: 0.7879, Cohen's Kappa: 0.7980, MCC: 0.7672
    Confusion Matrix:
     8156847,  28616,  16059,  10184,  15074,  44320,1170972,  28942, 449659,  13376
        3051,4073048,    793,  12543,  32658, 128138, 440352,   7153,   9090, 253652
          53,     74,1528622, 308638,    606,  22464,     27,    429,    130,    634
        1229, 953154,   3399,6501912,    256, 411455,  46682,     25,    128,    299
        3150,     79,1151820,    641,8191383, 616999,    275,   1112,   2249,   8402
        1119,   1813, 158768,  42094,1148250,8156754,   4147,    653, 376839,  43499
       16457,   6076,  25612,   9541,  44314,  16089,4079642, 765439,   3461,   1878
           3,   2595,   4048,      4,  18586,     62,      4,1530191,    201, 307893
          33,    119,1403015,     12,  10849,      3,      1,   2640,6502386,     58
           8, 498660,   4708,1199882,  12374,  54730,     27,  14309,     20,8191344
    Class 0
      Precision: 0.9946
      Recall: 0.9999
      F1: 0.9972
      AUC: 0.9973
      AP: 0.9945
      Confusion Matrix:
       8156847,  44320
         1119, 8156754
    Class 1
      Precision: 0.9024
      Recall: 0.9985
      F1: 0.9480
      AUC: 0.9513
      AP: 0.9011
      Confusion Matrix:
       4073048, 440352
         6076, 4079642
    Class 2
      Precision: 0.9997
      Recall: 0.9974
      F1: 0.9985
      AUC: 0.9999
      AP: 0.9971
      Confusion Matrix:
       1528622,    429
         4048, 1530191
    Class 3
      Precision: 1.0000
      Recall: 1.0000
      F1: 1.0000
      AUC: 1.0000
      AP: 1.0000
      Confusion Matrix:
       6501912,    128
           12, 6502386
    Class 4
      Precision: 0.9990
      Recall: 0.9985
      F1: 0.9987
      AUC: 0.9995
      AP: 0.9975
      Confusion Matrix:
       8191383,   8402
        12374, 8191344
    Epoch 18: Accuracy: 0.8228, Precision: 0.7790, Recall: 0.8228, F1: 0.7874, Cohen's Kappa: 0.8000, MCC: 0.8079
    Confusion Matrix:
     8173735,    714,    570,  98093,   3150,    205,    127,    817,1651598,   5040
         424,4081481,    246,   2934,   2113,   4730, 412030, 437954,  15641,   2925
         437,   2806,1531787,     39,      6,   4591,    325,  25922,    257, 295507
       49764, 218018,     10,6515373, 982037,  37740,    111, 115282,    187,     17
      180855,     25, 726607, 833118,8208343,    576,     18,      8,    961,  25599
        3840,      5, 105654, 455471,    981,8173642, 721603, 254223, 217893,    624
         515,    527,    180, 208784,    226, 344020,4088089,  13829, 312200,    139
        3389,  13328,  23848,  43419, 156842,  22253,  45913,1533359,   4607,  16629
       67377,  10434,  10011,   4742, 129324,  13588, 650427, 483595,6515848,  33770
         604, 176833, 540786,   2301,    503,    456,   5951,1040262,     63,8208303
    Class 0
      Precision: 1.0000
      Recall: 0.9995
      F1: 0.9998
      AUC: 1.0000
      AP: 0.9995
      Confusion Matrix:
       8173735,    205
         3840, 8173642
    Class 1
      Precision: 0.9083
      Recall: 0.9999
      F1: 0.9519
      AUC: 0.9542
      AP: 0.9082
      Confusion Matrix:
       4081481, 412030
          527, 4088089
    Class 2
      Precision: 0.9834
      Recall: 0.9847
      F1: 0.9840
      AUC: 0.9917
      AP: 0.9683
      Confusion Matrix:
       1531787,  25922
        23848, 1533359
    Class 3
      Precision: 1.0000
      Recall: 0.9993
      F1: 0.9996
      AUC: 1.0000
      AP: 0.9992
      Confusion Matrix:
       6515373,    187
         4742, 6515848
    Class 4
      Precision: 0.9969
      Recall: 0.9999
      F1: 0.9984
      AUC: 0.9984
      AP: 0.9968
      Confusion Matrix:
       8208343,  25599
          503, 8208303
    Epoch 19: Accuracy: 0.8261, Precision: 0.7839, Recall: 0.8261, F1: 0.7847, Cohen's Kappa: 0.8041, MCC: 0.7679
    Confusion Matrix:
     8206517,   1733,   2936,   8283,  89762,   1456,   4262,1557316,  58307,   3477
      339040,4097850,  27667,  28997,   6143, 404322,  22351,   2950,  21605,   9553
        3632,   5466,1537931,  16239,  21362,   1343,  14935, 142291,  22598,  95880
           1,1257057,      1,6541505,     11,   1483,     73,  36934,  81215,    259
       87846, 386537, 580851,  12027,8241264,  14790,  59173, 283089, 167971, 142562
      202610,  10773,    553,   1068,   1680,8206424,   5368,  52926,1444251,   8283
        2576, 172120, 336989,   7353,   4306,  15456,4104485, 140868, 166774,  17582
         221,  13435,  29977,    398,   1038,   2303,   8542,1539509, 262897,   5267
          55,     33, 783764,   1645,    115, 465215, 126038,    178,6541981,     92
        8264, 678442, 894653,    223,    239, 152510,     36,    355,    116,8241224
    Class 0
      Precision: 0.9998
      Recall: 0.9759
      F1: 0.9877
      AUC: 0.9999
      AP: 0.9757
      Confusion Matrix:
       8206517,   1456
       202610, 8206424
    Class 1
      Precision: 0.9946
      Recall: 0.9597
      F1: 0.9768
      AUC: 0.9973
      AP: 0.9545
      Confusion Matrix:
       4097850,  22351
       172120, 4104485
    Class 2
      Precision: 0.9153
      Recall: 0.9809
      F1: 0.9470
      AUC: 0.9577
      AP: 0.8978
      Confusion Matrix:
       1537931, 142291
        29977, 1539509
    Class 3
      Precision: 0.9877
      Recall: 0.9997
      F1: 0.9937
      AUC: 0.9939
      AP: 0.9875
      Confusion Matrix:
       6541505,  81215
         1645, 6541981
    Class 4
      Precision: 0.9830
      Recall: 1.0000
      F1: 0.9914
      AUC: 0.9915
      AP: 0.9830
      Confusion Matrix:
       8241264, 142562
          239, 8241224
    Epoch 20: Accuracy: 0.8300, Precision: 0.8160, Recall: 0.8300, F1: 0.8184, Cohen's Kappa: 0.8070, MCC: 0.8110
    Confusion Matrix:
     8245260,   1802,  45635, 117030,   1375,    410,  25854, 489949,    221,1006513
         124,4117196,    935,     87,     33, 824869,    832,    442,     38,  15922
          85,     60,1545191,    605, 126205,  14367, 136728,    624,   3649,  34163
      301771,  13010,    209,6572387, 147204, 171212, 102694,  17785, 579979,  12288
     1453976,   6027,  14923,     20,8280171,   1315, 106979, 110896,    738,   1065
       47171, 171020, 191024,   1406,  70113,8245166,   1282, 815881,   1640, 389233
      742607,   9805,   5182,    380,    115,  80995,4123862,    104,   5456,      3
       73416,    994,    413,  56949,  96939,    229,   1509,1546777,  84693,   1668
      222810, 170777,   1066, 737327, 147482,    253,    439,    489,6572866,  65607
         219, 537839,   9297,   5661, 870176,  10168, 183993,  78549,     29,8280131
    Class 0
      Precision: 1.0000
      Recall: 0.9943
      F1: 0.9971
      AUC: 1.0000
      AP: 0.9943
      Confusion Matrix:
       8245260,    410
        47171, 8245166
    Class 1
      Precision: 0.9998
      Recall: 0.9976
      F1: 0.9987
      AUC: 0.9999
      AP: 0.9974
      Confusion Matrix:
       4117196,    832
         9805, 4123862
    Class 2
      Precision: 0.9996
      Recall: 0.9997
      F1: 0.9997
      AUC: 0.9998
      AP: 0.9993
      Confusion Matrix:
       1545191,    624
          413, 1546777
    Class 3
      Precision: 0.9189
      Recall: 0.8991
      F1: 0.9089
      AUC: 0.9595
      AP: 0.8262
      Confusion Matrix:
       6572387, 579979
       737327, 6572866
    Class 4
      Precision: 0.9999
      Recall: 0.9049
      F1: 0.9500
      AUC: 0.9999
      AP: 0.9048
      Confusion Matrix:
       8280171,   1065
       870176, 8280131