Ablation Type: no_feature_fusion
==================================================
Epoch Results:
    Epoch 1: Accuracy: 0.5411, Precision: 0.5379, Recall: 0.5411, F1: 0.5299, Cohen's Kappa: 0.4821, MCC: 0.5325
    Confusion Matrix:
     5375313,1816718,   3349,  45347, 598413,  45510, 311653, 495928,1239298,   2520
        6531,2684114,     47,     30,      5,2129508, 124183,     82,  15810,    168
       86825,  17025,1007353, 238953,  17183, 328736,   7422,  12355,   3464, 142361
     1948567,  57440,   5211,4284721, 298923,  12248, 592992,  41537, 668019,   8881
     1274756,    604,    552,1621222,5398073,   1047,  14220, 666027,  20680, 978929
        2183,2872638,    246,1041045, 299285,5375252, 284388,   1185,    940,  56774
       15467, 162994, 103332,   1024,1737336,  14821,2688460, 239032,   3429,   2614
          49,     16,      5,     10,  16663,  49709, 772513,1008386,  16191,     45
         177, 638093,   3539,    185,  24471,2481828,  14758, 356427,4285033, 114605
       33880,1399984, 771121,  48176, 528395,   7358,   2969, 141580,1644552,5398047
    Class 0
      Precision: 0.9916
      Recall: 0.9996
      F1: 0.9956
      AUC: 0.9958
      AP: 0.9912
      Confusion Matrix:
       5375313,  45510
         2183, 5375252
    Class 1
      Precision: 0.9558
      Recall: 0.9428
      F1: 0.9492
      AUC: 0.9779
      AP: 0.9011
      Confusion Matrix:
       2684114, 124183
       162994, 2688460
    Class 2
      Precision: 0.9879
      Recall: 1.0000
      F1: 0.9939
      AUC: 0.9939
      AP: 0.9879
      Confusion Matrix:
       1007353,  12355
            5, 1008386
    Class 3
      Precision: 0.8651
      Recall: 1.0000
      F1: 0.9277
      AUC: 0.9326
      AP: 0.8651
      Confusion Matrix:
       4284721, 668019
          185, 4285033
    Class 4
      Precision: 0.8465
      Recall: 0.9108
      F1: 0.8775
      AUC: 0.9232
      AP: 0.7710
      Confusion Matrix:
       5398073, 978929
       528395, 5398047
    Epoch 2: Accuracy: 0.5414, Precision: 0.5656, Recall: 0.5414, F1: 0.5193, Cohen's Kappa: 0.4884, MCC: 0.5483
    Confusion Matrix:
     5378294,    145,   3398,    909,  96754,   5338,    244,4446992,   1864,    111
      289712,2685602, 242177, 705870,  45693, 188832,  75162,  23014, 634239,  70177
       15294,   6025,1007911,   2107,  14924, 770577,   2396,   4106,   6152,  32185
       63969,  12133,2610960,4287097, 738080,    383,   4184,   1919, 157279,  42535
     1668938,   1856,1094641,    430,5401065, 166456,  11331,1193954,  88868, 348571
     2233009,1163340, 100206,  21129,  25389,5378232, 803168,  23454, 150875,  35134
           5,  83064,    173,  65494,2093859,     75,2689950,    110,     89,  35690
          34, 219657, 540417,    211,   1090,  35486,     78,1008946,  57419,    249
        3033, 674996,  99974,  14980,  15164,   1395,   1718,   1793,4287409,2818654
          29,    256,1228381,    120, 699928,   3504, 763407,1871742,   7656,5401039
    Class 0
      Precision: 0.9990
      Recall: 0.7066
      F1: 0.8278
      AUC: 0.9995
      AP: 0.7059
      Confusion Matrix:
       5378294,   5338
       2233009, 5378232
    Class 1
      Precision: 0.9728
      Recall: 0.9700
      F1: 0.9714
      AUC: 0.9864
      AP: 0.9436
      Confusion Matrix:
       2685602,  75162
        83064, 2689950
    Class 2
      Precision: 0.9959
      Recall: 0.6510
      F1: 0.7873
      AUC: 0.9980
      AP: 0.6483
      Confusion Matrix:
       1007911,   4106
       540417, 1008946
    Class 3
      Precision: 0.9646
      Recall: 0.9965
      F1: 0.9803
      AUC: 0.9823
      AP: 0.9613
      Confusion Matrix:
       4287097, 157279
        14980, 4287409
    Class 4
      Precision: 0.9394
      Recall: 0.8853
      F1: 0.9115
      AUC: 0.9697
      AP: 0.8316
      Confusion Matrix:
       5401065, 348571
       699928, 5401039
    Epoch 3: Accuracy: 0.5468, Precision: 0.5982, Recall: 0.5468, F1: 0.5461, Cohen's Kappa: 0.4898, MCC: 0.5426
    Confusion Matrix:
     5431937,     16,   1244,     75,   3669,2181318,    864,     12,2314676,    238
      123222,2712389,  14150, 147493,  18253,  78603, 714643, 602844, 540596,   8285
         272,  24892,1017964,  38476, 267266,   3383, 422888,  74327,   3947,   8262
      350919,3170873,    738,4329857,   3313,  24528,  22886,   7842,   6363,   1220
           9,      1,  57326, 339701,5454936,   1457, 177982,3807943, 136715,     40
       14591,  52884,  10483,2336796,  23548,5431876,  13892,1638196,  88166, 323504
      860673, 443460,  17339,   7360, 863427,   6794,2716780,  20310,  26830,   5536
        4563,   9476,  30800, 364801,  79240,  51670,  36606,1019009, 267071,    351
     3283849,     42,   1500, 285030,     67,    107,   8102,   2192,4330172,   8055
     4055640,  64520,  47423, 103392,  61430,  85305,  72696,   9167,  21579,5454910
    Class 0
      Precision: 0.7135
      Recall: 0.9973
      F1: 0.8319
      AUC: 0.8567
      AP: 0.7116
      Confusion Matrix:
       5431937, 2181318
        14591, 5431876
    Class 1
      Precision: 0.7915
      Recall: 0.8595
      F1: 0.8241
      AUC: 0.8959
      AP: 0.6803
      Confusion Matrix:
       2712389, 714643
       443460, 2716780
    Class 2
      Precision: 0.9320
      Recall: 0.9706
      F1: 0.9509
      AUC: 0.9660
      AP: 0.9046
      Confusion Matrix:
       1017964,  74327
        30800, 1019009
    Class 3
      Precision: 0.9985
      Recall: 0.9382
      F1: 0.9674
      AUC: 0.9993
      AP: 0.9369
      Confusion Matrix:
       4329857,   6363
       285030, 4330172
    Class 4
      Precision: 1.0000
      Recall: 0.9889
      F1: 0.9944
      AUC: 1.0000
      AP: 0.9889
      Confusion Matrix:
       5454936,     40
        61430, 5454910
    Epoch 4: Accuracy: 0.5477, Precision: 0.5644, Recall: 0.5477, F1: 0.5319, Cohen's Kappa: 0.4897, MCC: 0.5506
    Confusion Matrix:
     5440878,    385,   3699,    157,3522959,  10296,   2526,  74153, 872422,   6574
          84,2716853,    901,2114141,   4842,     17, 123464,     64,    104,      8
        2527,  36151,1019640, 469781,  12479,     16,   8538,     65, 293142,  19338
          28,  57106,    262,4336983, 875803, 276448,   3702,1727567,   5177, 635463
      233794, 124846,1715824,2348033,5463915,   4019,   4843,   6124,  68022,   6690
        9814, 112588, 346681,   1038,2284661,5440816,   2030, 707907,    535,1027866
        4734,    199,    173,      9,1537573,    528,2721252,  83164, 620870,      7
       16544,   6925,   8026,   3401, 458064, 342655,   3697,1020686,   2936,    653
     1380813, 220102, 377498, 112779, 355217, 132026, 110054, 818335,4337299,  74993
      121908,1703425, 485762,  29725, 286399,  13625, 257357,  74627,1539345,5463889
    Class 0
      Precision: 0.9981
      Recall: 0.9982
      F1: 0.9982
      AUC: 0.9991
      AP: 0.9963
      Confusion Matrix:
       5440878,  10296
         9814, 5440816
    Class 1
      Precision: 0.9565
      Recall: 0.9999
      F1: 0.9777
      AUC: 0.9783
      AP: 0.9565
      Confusion Matrix:
       2716853, 123464
          199, 2721252
    Class 2
      Precision: 0.9999
      Recall: 0.9922
      F1: 0.9960
      AUC: 1.0000
      AP: 0.9921
      Confusion Matrix:
       1019640,     65
         8026, 1020686
    Class 3
      Precision: 0.9988
      Recall: 0.9747
      F1: 0.9866
      AUC: 0.9994
      AP: 0.9735
      Confusion Matrix:
       4336983,   5177
       112779, 4337299
    Class 4
      Precision: 0.9988
      Recall: 0.9502
      F1: 0.9739
      AUC: 0.9994
      AP: 0.9490
      Confusion Matrix:
       5463915,   6690
       286399, 5463889
    Epoch 5: Accuracy: 0.5530, Precision: 0.5814, Recall: 0.5530, F1: 0.5337, Cohen's Kappa: 0.5019, MCC: 0.5435
    Confusion Matrix:
     5493529,1406290,   1677,1295509,  30325,   1538, 250647,1294605, 153700,   6229
      567364,2743144,   3292,   1592,   6538,  42748,   2556,1161956, 341950,  89338
         539,    480,1029507, 540736, 102551,  81290,    483,   2602,  28054,  75435
        1249,   4467,3271581,4378952,   5758,  80911,   3420, 169986,   2121,     94
      150868, 190645,  27256,   2637,5516788,3721751,   3343, 333366,  12980,  16476
       90968,   5524,2523673,  17478, 322496,5493466,1409527,  65085,   4429,   1290
         940,   2615,    300,1671662, 398729,  11277,2747585,  99871,   2219,  33311
      348892,   2002,    114, 276704,   2560,  47345,   5214,1030563, 127305,  22888
     1976247, 215963,  13285,   1620, 771674,  79566,  70856, 369803,4379271,  40831
        5448,   1865,3876593, 192861, 278450,   3702,  93183,   1125,   6073,5516762
    Class 0
      Precision: 0.9997
      Recall: 0.9837
      F1: 0.9917
      AUC: 0.9999
      AP: 0.9834
      Confusion Matrix:
       5493529,   1538
        90968, 5493466
    Class 1
      Precision: 0.9991
      Recall: 0.9990
      F1: 0.9991
      AUC: 0.9995
      AP: 0.9981
      Confusion Matrix:
       2743144,   2556
         2615, 2747585
    Class 2
      Precision: 0.9975
      Recall: 0.9999
      F1: 0.9987
      AUC: 0.9987
      AP: 0.9974
      Confusion Matrix:
       1029507,   2602
          114, 1030563
    Class 3
      Precision: 0.9995
      Recall: 0.9996
      F1: 0.9996
      AUC: 0.9998
      AP: 0.9991
      Confusion Matrix:
       4378952,   2121
         1620, 4379271
    Class 4
      Precision: 0.9970
      Recall: 0.9520
      F1: 0.9740
      AUC: 0.9985
      AP: 0.9491
      Confusion Matrix:
       5516788,  16476
       278450, 5516762
    Epoch 6: Accuracy: 0.5566, Precision: 0.6006, Recall: 0.5566, F1: 0.5482, Cohen's Kappa: 0.5068, MCC: 0.5772
    Confusion Matrix:
     5529291, 253216,    132,  65701, 364104,   8417,    618,3568859,   2467, 141244
         155,2761002,   3671,   4617,     70,  47867, 123760,      2,      1,2019333
      160131,  11303,1036209,  16815,  18326,  79511, 186390,  64535,  76082, 212375
       32602,  46410, 960566,4407458,  82016, 830004,  65114,  24056, 464259,1006054
       25766,  90521,   3320,   3110,5552702, 312697,  36364,3930039,  17649,   3942
        2701, 964416,  85128, 933342, 302063,5529228,1036309,  90970, 250945, 738834
      183520,  16874,      5,     48, 570411,      2,2765472,     15,1431007,   1155
        8707,   8648,    806, 599503, 169741,    559,   2595,1037272,   1747,  34009
        2517, 112831, 164361,  67203,  35893,   1554,    418,3065858,4407779,  60702
           1,3200870,    189, 157867,    114, 177712,     67, 886358,    208,5552676
    Class 0
      Precision: 0.9985
      Recall: 0.9995
      F1: 0.9990
      AUC: 0.9992
      AP: 0.9980
      Confusion Matrix:
       5529291,   8417
         2701, 5529228
    Class 1
      Precision: 0.9571
      Recall: 0.9939
      F1: 0.9752
      AUC: 0.9786
      AP: 0.9513
      Confusion Matrix:
       2761002, 123760
        16874, 2765472
    Class 2
      Precision: 0.9414
      Recall: 0.9992
      F1: 0.9694
      AUC: 0.9707
      AP: 0.9406
      Confusion Matrix:
       1036209,  64535
          806, 1037272
    Class 3
      Precision: 0.9047
      Recall: 0.9850
      F1: 0.9431
      AUC: 0.9524
      AP: 0.8911
      Confusion Matrix:
       4407458, 464259
        67203, 4407779
    Class 4
      Precision: 0.9993
      Recall: 1.0000
      F1: 0.9996
      AUC: 0.9996
      AP: 0.9993
      Confusion Matrix:
       5552702,   3942
          114, 5552676
    Epoch 7: Accuracy: 0.5571, Precision: 0.5608, Recall: 0.5571, F1: 0.5356, Cohen's Kappa: 0.5019, MCC: 0.5552
    Confusion Matrix:
     5534258,   7416,     58,   5712,  85571,1699494, 973099,  74389, 357636,1196416
          19,2763482, 200322,  40071,1219551, 694979,    154,  39158,     51,   2691
         249, 120013,1037140,  43235,   3504, 109887,   5868, 121360, 395958,  24463
      344693,  30678,  21527,4411418, 150315,1065327, 459172, 904092,   9470, 521847
         501,    236, 172732,   3356,5557690,   1316, 120650,4021499,  46051,  52079
       29604, 296849,2417141,1162730,  13261,5534195,  57741,   2174,  76135, 344106
        1368, 458997,  30382,   6086,  13076,1043124,2767956, 468861, 177483,   1176
       33331,     25,  21968,  18045,   3889, 564320,    575,1038204,    153, 183077
      768065,   8680,  59056, 251700,2186602,  78185,  82890,  26087,4411739,  46112
       76190, 475281,  17687,  40737,1156897,1217330,  45502, 303592,1085182,5557664
    Class 0
      Precision: 0.7651
      Recall: 0.9947
      F1: 0.8649
      AUC: 0.8825
      AP: 0.7610
      Confusion Matrix:
       5534258, 1699494
        29604, 5534195
    Class 1
      Precision: 0.9999
      Recall: 0.8576
      F1: 0.9233
      AUC: 1.0000
      AP: 0.8575
      Confusion Matrix:
       2763482,    154
       458997, 2767956
    Class 2
      Precision: 0.8952
      Recall: 0.9793
      F1: 0.9354
      AUC: 0.9477
      AP: 0.8767
      Confusion Matrix:
       1037140, 121360
        21968, 1038204
    Class 3
      Precision: 0.9979
      Recall: 0.9460
      F1: 0.9712
      AUC: 0.9989
      AP: 0.9440
      Confusion Matrix:
       4411418,   9470
       251700, 4411739
    Class 4
      Precision: 0.9907
      Recall: 0.8277
      F1: 0.9019
      AUC: 0.9954
      AP: 0.8200
      Confusion Matrix:
       5557690,  52079
       1156897, 5557664
    Epoch 8: Accuracy: 0.5621, Precision: 0.5663, Recall: 0.5621, F1: 0.5339, Cohen's Kappa: 0.5101, MCC: 0.5575
    Confusion Matrix:
     5583928,  51160,   1224,   1316, 270025,   1391,    799,   2809,4010555,  10842
        3009,2788284,  77318,   3040,   5606,1797277,  23373,  74474, 160451,  27646
      487488,     54,1046448,    210,     21,  10560,     46, 305357,     58,  11435
       79825,  74022,    856,4451010,   1833, 149858,  74999,3072156,  13037,    943
        3360,2413273,1435007,  86979,5607571,    218, 354711,   2320,     45,  72626
      102844,  16606, 407954,2862063,    939,5583865,  13222,    771, 221908, 723764
        4066,   3283,   1813, 183992,    904, 411879,2792798,1299776,  40127, 229871
      679109,  31914,   4563,    907,   9092,  12007,  70386,1047522,    476,   7611
      901995,  17556,   8248,1257130, 234784, 149364, 398312, 492840,4451335,   7552
          17,     29,2654372,    138,     42, 860462,    150,    142, 853166,5607544
    Class 0
      Precision: 0.9998
      Recall: 0.9819
      F1: 0.9908
      AUC: 0.9999
      AP: 0.9817
      Confusion Matrix:
       5583928,   1391
       102844, 5583865
    Class 1
      Precision: 0.9917
      Recall: 0.9988
      F1: 0.9952
      AUC: 0.9959
      AP: 0.9905
      Confusion Matrix:
       2788284,  23373
         3283, 2792798
    Class 2
      Precision: 0.7741
      Recall: 0.9957
      F1: 0.8710
      AUC: 0.8871
      AP: 0.7708
      Confusion Matrix:
       1046448, 305357
         4563, 1047522
    Class 3
      Precision: 0.9971
      Recall: 0.7798
      F1: 0.8751
      AUC: 0.9985
      AP: 0.7775
      Confusion Matrix:
       4451010,  13037
       1257130, 4451335
    Class 4
      Precision: 0.9872
      Recall: 1.0000
      F1: 0.9936
      AUC: 0.9936
      AP: 0.9872
      Confusion Matrix:
       5607571,  72626
           42, 5607544
    Epoch 9: Accuracy: 0.5669, Precision: 0.6180, Recall: 0.5669, F1: 0.5582, Cohen's Kappa: 0.5164, MCC: 0.5909
    Confusion Matrix:
     5631612,    200,3646712,  20199,  16513,   5807,   1750,  10403,   2542, 598311
       25246,2812094,  26955, 351475,  47081,  15492,1156994, 292617,  14827, 217697
         152, 385342,1055384,    418,   2123,    254, 354232,   3329,  60084,    359
         328,   3813,3349431,4489019,    317,   1371,    224,  46851,   9110,  18075
     2703761,1337950,    427,    243,5655456, 228627,  22037,   2425,    279,  24905
       17538,  75309, 160232, 203641,1960102,5631548,1847507,  21063,   1183,  15813
        6069,1135836, 104726, 424508,  33406,    774,2816647,  16782,  42875, 386886
      159356,  58995, 424709,    862,   1374, 160913,    513,1056467,    227,    171
      177983, 138387,  12930,  13149,1891830,  21640, 464869, 100973,4489346, 608009
        4587,4160983,  10324,  12928,  54956,  12366,   5005,  15198,  44286,5655429
    Class 0
      Precision: 0.9990
      Recall: 0.9969
      F1: 0.9979
      AUC: 0.9995
      AP: 0.9959
      Confusion Matrix:
       5631612,   5807
        17538, 5631548
    Class 1
      Precision: 0.7085
      Recall: 0.7123
      F1: 0.7104
      AUC: 0.8544
      AP: 0.5047
      Confusion Matrix:
       2812094, 1156994
       1135836, 2816647
    Class 2
      Precision: 0.9969
      Recall: 0.7131
      F1: 0.8314
      AUC: 0.9984
      AP: 0.7108
      Confusion Matrix:
       1055384,   3329
       424709, 1056467
    Class 3
      Precision: 0.9980
      Recall: 0.9971
      F1: 0.9975
      AUC: 0.9990
      AP: 0.9951
      Confusion Matrix:
       4489019,   9110
        13149, 4489346
    Class 4
      Precision: 0.9956
      Recall: 0.9904
      F1: 0.9930
      AUC: 0.9978
      AP: 0.9860
      Confusion Matrix:
       5655456,  24905
        54956, 5655429
    Epoch 10: Accuracy: 0.5666, Precision: 0.6020, Recall: 0.5666, F1: 0.5437, Cohen's Kappa: 0.5186, MCC: 0.5614
    Confusion Matrix:
     5628632,3036574, 306987,    364,    154,    314,  59631,   6799, 751803, 142791
       16772,2810606,     11,  14084,    311,    581,1900778,   5428, 211890,     17
      546658,   2278,1054826,    261,   4405,   1333,     47,  19173, 232280,    416
      570180, 817773,1180660,4486644,  62649,  58828,  42367, 463266, 200213,  35959
      169471, 141876,   6237,   4937,5652463,  76885,    465,3318340,  16122, 589314
          12,  32708,   1617,    361, 133849,5628568,    158,4136529,     62,     72
        5785,1425962,  19523,      1,     38,  19161,2815157, 674018,     10,   8854
        1181,   1112, 571026,    442,   5942,  47575,     63,1055908,  38866, 141472
      476235, 354105,   2927,  22330,  59213,   3125,2443265,  10114,4486971,  60831
        6085,   1899,   3056,   1018,2795967,   2511, 957357,  33162, 522571,5652436
    Class 0
      Precision: 0.9999
      Recall: 1.0000
      F1: 1.0000
      AUC: 1.0000
      AP: 0.9999
      Confusion Matrix:
       5628632,    314
           12, 5628568
    Class 1
      Precision: 0.5966
      Recall: 0.6634
      F1: 0.6282
      AUC: 0.7985
      AP: 0.3958
      Confusion Matrix:
       2810606, 1900778
       1425962, 2815157
    Class 2
      Precision: 0.9821
      Recall: 0.6488
      F1: 0.7814
      AUC: 0.9911
      AP: 0.6372
      Confusion Matrix:
       1054826,  19173
       571026, 1055908
    Class 3
      Precision: 0.9573
      Recall: 0.9950
      F1: 0.9758
      AUC: 0.9786
      AP: 0.9525
      Confusion Matrix:
       4486644, 200213
        22330, 4486971
    Class 4
      Precision: 0.9056
      Recall: 0.6691
      F1: 0.7696
      AUC: 0.9528
      AP: 0.6059
      Confusion Matrix:
       5652463, 589314
       2795967, 5652436
    Epoch 11: Accuracy: 0.5736, Precision: 0.5799, Recall: 0.5736, F1: 0.5497, Cohen's Kappa: 0.5211, MCC: 0.5617
    Confusion Matrix:
     5698170, 635659, 200001,  64782, 506254,  57953,  33088, 115225,1802764, 820153
         362,2845330,    287,  59049,   1005,1206861, 277823,   2738, 551035,  15988
      149501,  28207,1067857,   5495, 143010,  91858,    910, 307663,  54523,  12653
      866285, 172526,1799887,4542073, 279834,  49579,    704, 180831,  25841,    979
     1195093,     49, 141400,      4,5722296,      3, 644795,1949015,     47, 323408
      462827,   7029,   6747, 378587, 900680,5698105,  67298,1974752, 268763, 169148
         390,   7723, 613264,  14617,   3086,  12297,2849936, 379297,1085146,   2753
       72059,  51511,  26815,  12759, 301640,   7475, 124871,1068953,   4094, 193410
       21748,  15719,  29409, 370116, 880755,   1619,  52140, 288704,4542404,1716502
     1536618,      8,1432833,     17,    386,    568,   2101,  22556,1258706,5722269
    Class 0
      Precision: 0.9899
      Recall: 0.9249
      F1: 0.9563
      AUC: 0.9950
      AP: 0.9156
      Confusion Matrix:
       5698170,  57953
       462827, 5698105
    Class 1
      Precision: 0.9110
      Recall: 0.9973
      F1: 0.9522
      AUC: 0.9556
      AP: 0.9086
      Confusion Matrix:
       2845330, 277823
         7723, 2849936
    Class 2
      Precision: 0.7763
      Recall: 0.9755
      F1: 0.8646
      AUC: 0.8883
      AP: 0.7573
      Confusion Matrix:
       1067857, 307663
        26815, 1068953
    Class 3
      Precision: 0.9943
      Recall: 0.9247
      F1: 0.9582
      AUC: 0.9972
      AP: 0.9194
      Confusion Matrix:
       4542073,  25841
       370116, 4542404
    Class 4
      Precision: 0.9465
      Recall: 0.9999
      F1: 0.9725
      AUC: 0.9733
      AP: 0.9464
      Confusion Matrix:
       5722296, 323408
          386, 5722269
    Epoch 12: Accuracy: 0.5731, Precision: 0.5640, Recall: 0.5731, F1: 0.5420, Cohen's Kappa: 0.5230, MCC: 0.5869
    Confusion Matrix:
     5693203,  77507,  13128,   4507,  14273, 206739, 112284,  62993,3261285, 488130
      481575,2842849,   1712,  49008,    622, 500935, 508740,    332, 212978, 361727
        4645,  25431,1066927,  58704,     65,   2601, 250643,    185,   3352, 449124
         704, 712119,      4,4538114,1480224,    592,     70,1185763,    924,     25
       46446, 671283,2393153, 939283,5717308,   3496,   8852,   1464,  21538, 173287
       31807,   7838, 354006, 590364,   3976,5693138,1597681, 471130,1116209,  67787
        5244,     83,1587139,   3857,    103,    428,2847452,   1823,   5426, 516954
      316706, 141453, 157577,   2546, 126920,     72,  26603,1068021,   2185,  21504
       39968, 600251,1546062,  36035,   6950, 908385,  12541, 228042,4538445,   2437
        3084,3180396,  14567, 684961,    950,   1131,   5780, 362993,   4919,5717281
    Class 0
      Precision: 0.9650
      Recall: 0.9944
      F1: 0.9795
      AUC: 0.9825
      AP: 0.9596
      Confusion Matrix:
       5693203, 206739
        31807, 5693138
    Class 1
      Precision: 0.8482
      Recall: 1.0000
      F1: 0.9179
      AUC: 0.9242
      AP: 0.8482
      Confusion Matrix:
       2842849, 508740
           83, 2847452
    Class 2
      Precision: 0.9998
      Recall: 0.8713
      F1: 0.9312
      AUC: 0.9999
      AP: 0.8712
      Confusion Matrix:
       1066927,    185
       157577, 1068021
    Class 3
      Precision: 0.9998
      Recall: 0.9921
      F1: 0.9959
      AUC: 0.9999
      AP: 0.9919
      Confusion Matrix:
       4538114,    924
        36035, 4538445
    Class 4
      Precision: 0.9706
      Recall: 0.9998
      F1: 0.9850
      AUC: 0.9853
      AP: 0.9704
      Confusion Matrix:
       5717308, 173287
          950, 5717281
    Epoch 13: Accuracy: 0.5783, Precision: 0.5888, Recall: 0.5783, F1: 0.5667, Cohen's Kappa: 0.5230, MCC: 0.5825
    Confusion Matrix:
     5744860,  37781, 205035, 116300,  10033,   1796,3763326,   5772,  16095,  33051
          16,2868644,  52896,1733868, 182132,     42,  11772,  96283,   1319,  13506
       92424,   1823,1076607, 382213, 173485,  30823,  50277,   7727,  44436,   1862
     1198955,  33442, 175207,4579291, 101747, 216050,   4393,1579694,   4513,  25247
      248067,   6073, 953797, 333530,5769184,  67090, 124371,  24286, 296648,2153064
       33662,  13917,   1665,1955877,1822411,5744795,   1246, 303814,  52826,   3723
      127016,   9319,   5416,  10822, 353036, 333976,2873288,   4705,   9906,1241025
         372,   2734,  11191,   8450,    597, 583811,  15675,1077712,   5755, 157290
        2354, 382128,  37675,   1171,     18, 170100, 860302,  13982,4579624,1871762
      421192,    804, 163630, 386374,2976193,   3997,   8235, 147489,  98992,5769156
    Class 0
      Precision: 0.9997
      Recall: 0.9942
      F1: 0.9969
      AUC: 0.9998
      AP: 0.9939
      Confusion Matrix:
       5744860,   1796
        33662, 5744795
    Class 1
      Precision: 0.9959
      Recall: 0.9968
      F1: 0.9963
      AUC: 0.9980
      AP: 0.9927
      Confusion Matrix:
       2868644,  11772
         9319, 2873288
    Class 2
      Precision: 0.9929
      Recall: 0.9897
      F1: 0.9913
      AUC: 0.9964
      AP: 0.9827
      Confusion Matrix:
       1076607,   7727
        11191, 1077712
    Class 3
      Precision: 0.9990
      Recall: 0.9997
      F1: 0.9994
      AUC: 0.9995
      AP: 0.9988
      Confusion Matrix:
       4579291,   4513
         1171, 4579624
    Class 4
      Precision: 0.7282
      Recall: 0.6597
      F1: 0.6923
      AUC: 0.8641
      AP: 0.4804
      Confusion Matrix:
       5769184, 2153064
       2976193, 5769156
    Epoch 14: Accuracy: 0.5792, Precision: 0.5670, Recall: 0.5792, F1: 0.5483, Cohen's Kappa: 0.5278, MCC: 0.5873
    Confusion Matrix:
     5753801, 700942,    880,1750456,  17053,   3566,   1964,1419210,    444, 285733
      185240,2873108,  54063,  31053,  34317,  40510,1539120,   8776, 119249,  75042
        1828,   2053,1078283,  10220,    279,   4302, 119963, 598670,   3556,  42523
      229939,     30,     15,4586417,2996221,     24,  17124,  76453,  12308,      8
         179,2686922,1300022,  34736,5778162,   2581,   4951, 165181,   1399,   1977
        1319, 614628,   1313,  21352, 330622,5753735,2341365, 599800, 208053,  61749
        7253,    642,   2203,  44152,   1438,1112526,2877760, 612585, 218803,  91147
      134547, 205203,   4927, 154488,  15099,   8113, 208062,1079389,   6314,  47445
           4,     93,     44,   7672,  17773,1782151, 143918,     90,4586751,1380620
         148, 516199,1448673,   2458,2057790,   3722,   1543,    823, 166571,5778135
    Class 0
      Precision: 0.9994
      Recall: 0.9998
      F1: 0.9996
      AUC: 0.9997
      AP: 0.9992
      Confusion Matrix:
       5753801,   3566
         1319, 5753735
    Class 1
      Precision: 0.6512
      Recall: 0.9998
      F1: 0.7887
      AUC: 0.8258
      AP: 0.6510
      Confusion Matrix:
       2873108, 1539120
          642, 2877760
    Class 2
      Precision: 0.6430
      Recall: 0.9955
      F1: 0.7813
      AUC: 0.8216
      AP: 0.6401
      Confusion Matrix:
       1078283, 598670
         4927, 1079389
    Class 3
      Precision: 0.9973
      Recall: 0.9983
      F1: 0.9978
      AUC: 0.9987
      AP: 0.9957
      Confusion Matrix:
       4586417,  12308
         7672, 4586751
    Class 4
      Precision: 0.9997
      Recall: 0.7374
      F1: 0.8487
      AUC: 0.9998
      AP: 0.7371
      Confusion Matrix:
       5778162,   1977
       2057790, 5778135
    Epoch 15: Accuracy: 0.5840, Precision: 0.5805, Recall: 0.5840, F1: 0.5628, Cohen's Kappa: 0.5328, MCC: 0.6116
    Confusion Matrix:
     5801484,1251125, 366919, 761966,1744926,   3075,    509,   1935,   1625,    485
     1932543,2896919,   5673,     13,     97,    441,    104,  52139,  63823,   8726
       17288,  12243,1087219,    194, 554503,  27816, 156967,   2481,    376,   2590
     1117012,1059232,  10900,4624426,  50256,  30883, 286723, 306573, 386861,  45673
      714578,  86948, 185870,   7013,5826048, 682407, 192312,  28460,2049552, 202922
      460597, 652232,  94475,1519071,1220111,5801418,   2766,    439,  53525, 129302
      164276,    658,1858894,     61,     43,    765,2901609,   9837,  32216,    150
           2,  26628,     32,    726,    135, 730559,     66,1088334,  17096,      9
        1421,   2640,2845619,   1175,  44265,   2638, 111553,  58146,4624763, 226896
      476793,   2179, 723933,   3101,  43543,  18050,2316302, 538536,  27605,5826020
    Class 0
      Precision: 0.9995
      Recall: 0.9264
      F1: 0.9616
      AUC: 0.9997
      AP: 0.9260
      Confusion Matrix:
       5801484,   3075
       460597, 5801418
    Class 1
      Precision: 1.0000
      Recall: 0.9998
      F1: 0.9999
      AUC: 1.0000
      AP: 0.9997
      Confusion Matrix:
       2896919,    104
          658, 2901609
    Class 2
      Precision: 0.9977
      Recall: 1.0000
      F1: 0.9988
      AUC: 0.9989
      AP: 0.9977
      Confusion Matrix:
       1087219,   2481
           32, 1088334
    Class 3
      Precision: 0.9228
      Recall: 0.9997
      F1: 0.9597
      AUC: 0.9614
      AP: 0.9226
      Confusion Matrix:
       4624426, 386861
         1175, 4624763
    Class 4
      Precision: 0.9663
      Recall: 0.9926
      F1: 0.9793
      AUC: 0.9832
      AP: 0.9592
      Confusion Matrix:
       5826048, 202922
        43543, 5826020
    Epoch 16: Accuracy: 0.5858, Precision: 0.5865, Recall: 0.5858, F1: 0.5631, Cohen's Kappa: 0.5357, MCC: 0.5893
    Confusion Matrix:
     5819365,2630818,   4190,  66093, 548778,   5601,   7718,   6219, 139556, 705711
      429363,2905848,  73316,  42027,  31562, 161545, 347872, 385350,  10166, 573429
      162266, 305059,1090570,   6886,  44274,    672, 104329,   7250,  45362,  95009
       26938,    382,   9894,4638680,    611,    118,   1849,3231497,   5430,   3140
       40978,    181,    164, 514410,5844005,    937,3303980,    382,  17787, 253286
       87614,2479816, 742647, 124110,  70185,5819299,  11367, 105571,   3909, 489418
        1058, 355955,  14502, 525912,1092424,   1109,2910552,    282,   4029,  62686
      110983,    728,  69213,    772,  81311,   1262,    305,1091689, 505518,   1806
      474152,  19348,  25907, 260526, 293598,    335,  94094,   6221,4639018,2105917
      828186,  89553,   3355,  40628,   7541, 115915,  80777,1339873,1626257,5843977
    Class 0
      Precision: 0.9990
      Recall: 0.9852
      F1: 0.9921
      AUC: 0.9995
      AP: 0.9842
      Confusion Matrix:
       5819365,   5601
        87614, 5819299
    Class 1
      Precision: 0.8931
      Recall: 0.8909
      F1: 0.8920
      AUC: 0.9466
      AP: 0.7956
      Confusion Matrix:
       2905848, 347872
       355955, 2910552
    Class 2
      Precision: 0.9934
      Recall: 0.9403
      F1: 0.9661
      AUC: 0.9967
      AP: 0.9341
      Confusion Matrix:
       1090570,   7250
        69213, 1091689
    Class 3
      Precision: 0.9988
      Recall: 0.9468
      F1: 0.9721
      AUC: 0.9994
      AP: 0.9457
      Confusion Matrix:
       4638680,   5430
       260526, 4639018
    Class 4
      Precision: 0.9585
      Recall: 0.9987
      F1: 0.9782
      AUC: 0.9792
      AP: 0.9572
      Confusion Matrix:
       5844005, 253286
         7541, 5843977
    Epoch 17: Accuracy: 0.5887, Precision: 0.5842, Recall: 0.5887, F1: 0.5557, Cohen's Kappa: 0.5403, MCC: 0.5939
    Confusion Matrix:
     5848174,  40038, 265595,1327579,1165868, 331201, 285714,  92102, 332559, 245219
      847124,2920233,  36902,   2535, 736481,   6848, 300385,  32351,  67297,  10322
          15, 152712,1095969,      6,      1,      8, 612197,    209,    409,    151
       10171,     36, 467620,4661643,1709256,     55,     12,   1441,   6872,1061433
      602367,    680,    130,   1127,5872935, 862030,  95324,2532376,   4429,   4712
         659, 159041,3419692, 165646,   6942,5848108,   1999,    884,    802, 330163
      122255,1605997,   6175,  41707,   4653, 109399,2924961,  87770,  61146,   4446
          29,      2,    821,  29375,     11,    209,     39,1097093,     23, 735985
        3993, 556459,    729,    486,    504,  22162, 304308,2368026,4661983,    466
       67934,2301333, 377395, 227672, 421984,  33841,  92357, 257082, 323557,5872907
    Class 0
      Precision: 0.9464
      Recall: 0.9999
      F1: 0.9724
      AUC: 0.9732
      AP: 0.9463
      Confusion Matrix:
       5848174, 331201
          659, 5848108
    Class 1
      Precision: 0.9067
      Recall: 0.6452
      F1: 0.7539
      AUC: 0.9534
      AP: 0.5850
      Confusion Matrix:
       2920233, 300385
       1605997, 2924961
    Class 2
      Precision: 0.9998
      Recall: 0.9993
      F1: 0.9995
      AUC: 0.9999
      AP: 0.9991
      Confusion Matrix:
       1095969,    209
          821, 1097093
    Class 3
      Precision: 0.9985
      Recall: 0.9999
      F1: 0.9992
      AUC: 0.9993
      AP: 0.9984
      Confusion Matrix:
       4661643,   6872
          486, 4661983
    Class 4
      Precision: 0.9992
      Recall: 0.9330
      F1: 0.9649
      AUC: 0.9996
      AP: 0.9322
      Confusion Matrix:
       5872935,   4712
       421984, 5872907
    Epoch 18: Accuracy: 0.5944, Precision: 0.6292, Recall: 0.5944, F1: 0.5777, Cohen's Kappa: 0.5434, MCC: 0.5901
    Confusion Matrix:
     5904798,     44,2266491,     33,      1,      3,    177,1656096,    864, 105542
        1441,2948508,  29159, 151888, 873117, 167458,    109, 269425, 519313,     60
         160,    309,1106580,   4241, 107914,  46161, 580284,   5776,   5566,   4686
      761620,   5988, 407994,4706779,1981965,  29272,   2551,  15887,   5761,    722
       55277,  21216,   2797,  22242,5929799,   6249,  47005,   3571,2914302, 973652
           1,    308,      4,    112,3419472,5904731,      2,   1714, 607161,    431
     1876947,      1,    102,      1,   1169,      2,2953281, 135947,     14,   1045
       53827,    433, 469913,  13374,  83889,     37,  16221,1107716,  24170,  94007
     1267617,  47743, 241795,  58739, 215876,  34542,1108762, 229121,4707122,   7799
        7543,  42132,   2619,    571,1122800, 127620,    393,2741767,    846,5929771
    Class 0
      Precision: 1.0000
      Recall: 1.0000
      F1: 1.0000
      AUC: 1.0000
      AP: 1.0000
      Confusion Matrix:
       5904798,      3
            1, 5904731
    Class 1
      Precision: 1.0000
      Recall: 1.0000
      F1: 1.0000
      AUC: 1.0000
      AP: 1.0000
      Confusion Matrix:
       2948508,    109
            1, 2953281
    Class 2
      Precision: 0.9948
      Recall: 0.7019
      F1: 0.8231
      AUC: 0.9974
      AP: 0.6983
      Confusion Matrix:
       1106580,   5776
       469913, 1107716
    Class 3
      Precision: 0.9988
      Recall: 0.9877
      F1: 0.9932
      AUC: 0.9994
      AP: 0.9865
      Confusion Matrix:
       4706779,   5761
        58739, 4707122
    Class 4
      Precision: 0.8590
      Recall: 0.8408
      F1: 0.8498
      AUC: 0.9295
      AP: 0.7222
      Confusion Matrix:
       5929799, 973652
       1122800, 5929771
    Epoch 19: Accuracy: 0.5987, Precision: 0.5978, Recall: 0.5987, F1: 0.5785, Cohen's Kappa: 0.5483, MCC: 0.6091
    Confusion Matrix:
     5947515,3325869, 387282,   4285,     27,  40346, 198077,    595,   7281,  22772
     1602898,2969838,   1432,   3706,   8149,    146,  24052,  51166, 248612,  50479
         142,    539,1114586,   4197,     62, 579744,   1726,    645,   1398, 158638
      919237,  93137, 144617,4740829,    494,1896813,    372,  33949,  88168,    923
         619,1689342,     47,  92322,5972697,    575,  14296,  44731,   2777,2158704
        1799, 737141, 656717,1364475,      5,5947447,     69,    465,1198778,  27040
        4377, 812422,    105,1014932,  17695,   5677,2974646,   5053, 133472,    130
      378534, 147604,  11676,  30392,  10465,   2524,   3465,1115729, 155393,   7805
         221,   1937, 358622, 315585,1451611,  37156,  11835,1000875,4741174,    100
         198, 221460,     25,    123,1265542, 112599,   3726,2399575,    146,5972668
    Class 0
      Precision: 0.9933
      Recall: 0.9997
      F1: 0.9965
      AUC: 0.9966
      AP: 0.9930
      Confusion Matrix:
       5947515,  40346
         1799, 5947447
    Class 1
      Precision: 0.9920
      Recall: 0.7852
      F1: 0.8766
      AUC: 0.9960
      AP: 0.7789
      Confusion Matrix:
       2969838,  24052
       812422, 2974646
    Class 2
      Precision: 0.9994
      Recall: 0.9896
      F1: 0.9945
      AUC: 0.9997
      AP: 0.9891
      Confusion Matrix:
       1114586,    645
        11676, 1115729
    Class 3
      Precision: 0.9817
      Recall: 0.9376
      F1: 0.9592
      AUC: 0.9909
      AP: 0.9205
      Confusion Matrix:
       4740829,  88168
       315585, 4741174
    Class 4
      Precision: 0.7345
      Recall: 0.8252
      F1: 0.7772
      AUC: 0.8673
      AP: 0.6061
      Confusion Matrix:
       5972697, 2158704
       1265542, 5972668
    Epoch 20: Accuracy: 0.6000, Precision: 0.6186, Recall: 0.6000, F1: 0.5958, Cohen's Kappa: 0.5462, MCC: 0.6256
    Confusion Matrix:
     5960429,    177,  13804,    419,2242579, 858838,   5785,    774, 851220,     24
         176,2976286,   5365,  63376,  12357,     80,   2062, 225310,1675145,    321
       29888,   5303,1117006,   2336,   4711,   1900,  23141, 365259, 308164,   3969
     2417756,   5151,   8804,4751123, 689089,   2455,      4,  43670,    454,     33
     1332147,  26160,  27374,  73457,5985666,  33350,  86865,   4756,  12466,2393869
         145, 100321,    144,  58201, 996795,5960361,      1, 251909,2558370,   7689
     1881969,  39558,  15606,   1997,  29110,     57,2981105,   4732,    688,  13687
      158488, 277155,    136,  54255,   6634,   1320,   4544,1118152, 220679,  22224
           7,2136249, 680219,    332, 335106,     86,  12271,   1113,4751469,   2264
      788330,  55697,1390067,  29593,  44459,1146126, 265489,  87504, 183160,5985637
    Class 0
      Precision: 0.8741
      Recall: 1.0000
      F1: 0.9328
      AUC: 0.9370
      AP: 0.8740
      Confusion Matrix:
       5960429, 858838
          145, 5960361
    Class 1
      Precision: 0.9993
      Recall: 0.9869
      F1: 0.9931
      AUC: 0.9997
      AP: 0.9862
      Confusion Matrix:
       2976286,   2062
        39558, 2981105
    Class 2
      Precision: 0.7536
      Recall: 0.9999
      F1: 0.8594
      AUC: 0.8769
      AP: 0.7535
      Confusion Matrix:
       1117006, 365259
          136, 1118152
    Class 3
      Precision: 0.9999
      Recall: 0.9999
      F1: 0.9999
      AUC: 1.0000
      AP: 0.9998
      Confusion Matrix:
       4751123,    454
          332, 4751469
    Class 4
      Precision: 0.7143
      Recall: 0.9926
      F1: 0.8308
      AUC: 0.8572
      AP: 0.7091
      Confusion Matrix:
       5985666, 2393869
        44459, 5985637