Ablation Type: single_head_attn
==================================================
Epoch Results:
    Epoch 1: Accuracy: 0.5100, Precision: 0.5186, Recall: 0.5100, F1: 0.4818, Cohen's Kappa: 0.4530, MCC: 0.5015
    Confusion Matrix:
     5066364,3110841,1404855,    786,   1997, 261997,    531,  85710,     36,    932
       14214,2529843,  86014, 687430, 388765,  61275,   1792,1185923,   1400,   3822
      609969,   4302, 949455, 107484,  21305,  12162,  49187,    355, 106660,    798
       10636,   4859,3066955,4038454,     62,  50913, 711236,    142,  30517,   4765
       39858,2285199,     35,  10671,5087816,2246085, 298308,    131,    316,   7691
     4104042,    997, 136124,   3424,   9100,5066307,   7898,  11123, 452208, 142713
        4537, 263622,  21636,   8196,   1379,  27562,2533939,2055434,   3493,  48711
        4933,    973,   2442,     23,    350, 156858,   5957, 950429,     89, 741533
      272653, 346198, 535081,  31525, 249006,  21484,2387001,  25890,4038749,  11529
     1202461,   2730,     38, 399023, 261980,   3929, 411405, 650074,1956631,5087791
    Class 0
      Precision: 0.9508
      Recall: 0.5525
      F1: 0.6989
      AUC: 0.9754
      AP: 0.5253
      Confusion Matrix:
       5066364, 261997
       4104042, 5066307
    Class 1
      Precision: 0.9993
      Recall: 0.9056
      F1: 0.9502
      AUC: 0.9996
      AP: 0.9050
      Confusion Matrix:
       2529843,   1792
       263622, 2533939
    Class 2
      Precision: 0.9996
      Recall: 0.9974
      F1: 0.9985
      AUC: 0.9998
      AP: 0.9971
      Confusion Matrix:
       949455,    355
         2442, 950429
    Class 3
      Precision: 0.9925
      Recall: 0.9923
      F1: 0.9924
      AUC: 0.9963
      AP: 0.9848
      Confusion Matrix:
       4038454,  30517
        31525, 4038749
    Class 4
      Precision: 0.9985
      Recall: 0.9510
      F1: 0.9742
      AUC: 0.9992
      AP: 0.9496
      Confusion Matrix:
       5087816,   7691
       261980, 5087791
    Epoch 2: Accuracy: 0.5116, Precision: 0.4971, Recall: 0.5116, F1: 0.4860, Cohen's Kappa: 0.4520, MCC: 0.4941
    Confusion Matrix:
     5082259, 171009,  77200, 192629, 289789,2268822,1761517,    867,  40456,  49501
      240973,2537780,   2333,   4286,  16518,  28281,1321596, 319656, 486762,   2293
        1452,  35828, 952433,   5783, 227560,     81,     53, 499919,  22595, 115973
     1534220, 755999,  29893,4051124, 478927, 143380,  82950, 299912, 520599,  21535
        1068, 878164,  28203, 723524,5103777, 708558,  10979,  61109,2284151, 176577
      437876,   7099,1417562, 204231,  75727,5082201,  32737,2521030,  13038, 142435
      891792,  25859,    177, 695915,  49670, 508514,2541889,   1040, 246011,   7642
      139200,   2905,     31, 129327,   4299,     27, 549820, 953411,  79177,   5390
        5112,    179, 228476,    145,  74930,   4821, 117557,1281308,4051419,2155169
        4221,2731683,  14570,  10337, 254233,1541036, 306922,    799,   8508,5103753
    Class 0
      Precision: 0.6914
      Recall: 0.9207
      F1: 0.7897
      AUC: 0.8457
      AP: 0.6365
      Confusion Matrix:
       5082259, 2268822
       437876, 5082201
    Class 1
      Precision: 0.6576
      Recall: 0.9899
      F1: 0.7902
      AUC: 0.8290
      AP: 0.6509
      Confusion Matrix:
       2537780, 1321596
        25859, 2541889
    Class 2
      Precision: 0.6558
      Recall: 1.0000
      F1: 0.7921
      AUC: 0.8280
      AP: 0.6558
      Confusion Matrix:
       952433, 499919
           31, 953411
    Class 3
      Precision: 0.8861
      Recall: 1.0000
      F1: 0.9396
      AUC: 0.9431
      AP: 0.8861
      Confusion Matrix:
       4051124, 520599
          145, 4051419
    Class 4
      Precision: 0.9666
      Recall: 0.9526
      F1: 0.9595
      AUC: 0.9833
      AP: 0.9207
      Confusion Matrix:
       5103777, 176577
       254233, 5103753
    Epoch 3: Accuracy: 0.5168, Precision: 0.5989, Recall: 0.5168, F1: 0.5237, Cohen's Kappa: 0.4601, MCC: 0.5257
    Confusion Matrix:
     5133916, 372236,  30745,   5160,  13178,  25755,  21270,3183107,1016495, 132187
        2923,2563575,  11999,  76272,2118763,   1947,   5746, 160161,    595,  18497
       65836,   1509, 962114,  95183,   5726,  87447, 279116,  74349,  26046, 264351
     3699099,   3712,  19179,4092300,   3039,  66102,   2262,    687,    311,  31848
         112,  18469,   1692,  11738,5155653, 703003,  52910,    126,4026870,   5537
        7002,  14262,  26929,  84531, 111705,5133858, 159192,4376468,   6532,  13457
       48877,      6,   3010, 225634,     24,    178,2567725,   1257,2057143,  64655
       20466,  15747, 365289,   7776, 364847,   7550,   2880, 963101,  36899,  79032
      321090,    419,    229,   2862,  47621,   2572,  87215,3364280,4092599,    229
      427056,    995, 541985,3670441,     72,  68489, 110205,    394,    797,5155628
    Class 0
      Precision: 0.9950
      Recall: 0.9986
      F1: 0.9968
      AUC: 0.9975
      AP: 0.9937
      Confusion Matrix:
       5133916,  25755
         7002, 5133858
    Class 1
      Precision: 0.9978
      Recall: 1.0000
      F1: 0.9989
      AUC: 0.9989
      AP: 0.9978
      Confusion Matrix:
       2563575,   5746
            6, 2567725
    Class 2
      Precision: 0.9283
      Recall: 0.7248
      F1: 0.8140
      AUC: 0.9642
      AP: 0.6728
      Confusion Matrix:
       962114,  74349
       365289, 963101
    Class 3
      Precision: 0.9999
      Recall: 0.9993
      F1: 0.9996
      AUC: 1.0000
      AP: 0.9992
      Confusion Matrix:
       4092300,    311
         2862, 4092599
    Class 4
      Precision: 0.9989
      Recall: 1.0000
      F1: 0.9995
      AUC: 0.9995
      AP: 0.9989
      Confusion Matrix:
       5155653,   5537
           72, 5155628
    Epoch 4: Accuracy: 0.5184, Precision: 0.5395, Recall: 0.5184, F1: 0.4995, Cohen's Kappa: 0.4610, MCC: 0.5286
    Confusion Matrix:
     5149811,  46909,  31668,   1869,    986,  21068,   1474, 633150,3433363, 613751
       47295,2571511, 132193, 192110,  28427,    207,  31378,  58729, 234090,1664538
       89541,  61658, 965093,  45205,  14751,  41325, 384340,  30618,  14200, 214946
      133027,  31022,  15846,4104970, 105320,  25367,1302452,2193664,   1697,   5174
     1102372,   1976,    934,    319,5171615,2278048,1413723,   7110,      5,      8
         364,    126,    111,  55020,    192,5149752,4514022,     29,    181, 214139
      361210, 646314,   3635, 935189,     74,   1518,2575675,    289, 444603,      2
       18500,   2364,  52999, 166967,  53776,   6852,  52808, 966083,  12730, 530508
        8493,   4585,3402300,   2336,     56,   1565, 221093, 124975,4105269,  48444
        1452,   5048, 125616, 155706, 633981,1961720,1861609,  54596,   4744,5171590
    Class 0
      Precision: 0.9959
      Recall: 0.9999
      F1: 0.9979
      AUC: 0.9980
      AP: 0.9959
      Confusion Matrix:
       5149811,  21068
          364, 5149752
    Class 1
      Precision: 0.9879
      Recall: 0.7991
      F1: 0.8836
      AUC: 0.9940
      AP: 0.7895
      Confusion Matrix:
       2571511,  31378
       646314, 2575675
    Class 2
      Precision: 0.9693
      Recall: 0.9479
      F1: 0.9585
      AUC: 0.9846
      AP: 0.9188
      Confusion Matrix:
       965093,  30618
        52999, 966083
    Class 3
      Precision: 0.9996
      Recall: 0.9994
      F1: 0.9995
      AUC: 0.9998
      AP: 0.9990
      Confusion Matrix:
       4104970,   1697
         2336, 4105269
    Class 4
      Precision: 1.0000
      Recall: 0.8908
      F1: 0.9422
      AUC: 1.0000
      AP: 0.8908
      Confusion Matrix:
       5171615,      8
       633981, 5171590
    Epoch 5: Accuracy: 0.5245, Precision: 0.5920, Recall: 0.5245, F1: 0.5399, Cohen's Kappa: 0.4592, MCC: 0.5440
    Confusion Matrix:
     5210408,  74414,  19560,  68816, 522000,2923142,  27821,   5358, 678576, 403954
      438987,2601770,   5280,    523,   4215,    609,    332,  17752,   7982,1883028
       17310,   7716, 976449,   6510, 652009,    591, 115933,  14015,  71080,     64
         880,  27389,     98,4153273, 212259, 177845,  63026,     22,3283735,     12
      144809,    629, 844963,    472,5232469,    400, 429983,  26271,3295261,    853
      446349, 423618, 847982,   1535,   9207,5210349,  28152,    566,2853266, 112912
         523,   1192,   5561,     45,   5070,2320219,2605982,   4544,  17065,   8308
       49815,      3,  39614,    194, 357161,   2838, 436281, 977451,    127,    103
       33274,  23393, 128824,  50853,1062111,1715953, 124039,  57077,4153576, 570016
     3660814,  40614,   4038,   1064,  84626,  27606, 112184, 441806, 370866,5232444
    Class 0
      Precision: 0.6406
      Recall: 0.9211
      F1: 0.7557
      AUC: 0.8203
      AP: 0.5901
      Confusion Matrix:
       5210408, 2923142
       446349, 5210349
    Class 1
      Precision: 0.9999
      Recall: 0.9995
      F1: 0.9997
      AUC: 0.9999
      AP: 0.9994
      Confusion Matrix:
       2601770,    332
         1192, 2605982
    Class 2
      Precision: 0.9859
      Recall: 0.9610
      F1: 0.9733
      AUC: 0.9929
      AP: 0.9474
      Confusion Matrix:
       976449,  14015
        39614, 977451
    Class 3
      Precision: 0.5585
      Recall: 0.9879
      F1: 0.7136
      AUC: 0.7792
      AP: 0.5517
      Confusion Matrix:
       4153273, 3283735
        50853, 4153576
    Class 4
      Precision: 0.9998
      Recall: 0.9841
      F1: 0.9919
      AUC: 0.9999
      AP: 0.9839
      Confusion Matrix:
       5232469,    853
        84626, 5232444
    Epoch 6: Accuracy: 0.5247, Precision: 0.5391, Recall: 0.5247, F1: 0.5044, Cohen's Kappa: 0.4667, MCC: 0.5433
    Confusion Matrix:
     5212395, 198933,2793398,  16723,  10937,1293736,   7977,  92817,  13483, 293650
      556925,2602762,   7305,  41552,   5367,  42329,1687628,   9993,   4397,   2220
           2, 194145, 976821,    375, 123101,      2, 487712,  11491,   3219,  64809
       49408,  41670,  16040,4154857,1414977, 117914,  56096,    157,2003514,  63906
         525,   3563,    891,  86122,5234464, 319900,    743,      1,4327583,   2318
     2252698,  53742,    839,    363, 300688,5212336,1046385,  42892,    451,1023542
         312,2096952,  32711,   1378,  17088,  85776,2606976,   7214, 120019,     83
       27947,    730, 854290,     82,    161,    769,    176, 977824,   1327,    281
        3978,  71351, 247199,  50607,    824,  30629,   1322,2529915,4155160, 828131
        4410,  72030,   5756,    599,    225,  80058, 645447,  14019,3919079,5234439
    Class 0
      Precision: 0.8012
      Recall: 0.6982
      F1: 0.7462
      AUC: 0.9006
      AP: 0.5594
      Confusion Matrix:
       5212395, 1293736
       2252698, 5212336
    Class 1
      Precision: 0.6066
      Recall: 0.5538
      F1: 0.5790
      AUC: 0.8035
      AP: 0.3360
      Confusion Matrix:
       2602762, 1687628
       2096952, 2606976
    Class 2
      Precision: 0.9884
      Recall: 0.5335
      F1: 0.6929
      AUC: 0.9942
      AP: 0.5273
      Confusion Matrix:
       976821,  11491
       854290, 977824
    Class 3
      Precision: 0.6747
      Recall: 0.9880
      F1: 0.8018
      AUC: 0.8373
      AP: 0.6665
      Confusion Matrix:
       4154857, 2003514
        50607, 4155160
    Class 4
      Precision: 0.9996
      Recall: 1.0000
      F1: 0.9998
      AUC: 0.9998
      AP: 0.9995
      Confusion Matrix:
       5234464,   2318
          225, 5234439
    Epoch 7: Accuracy: 0.5298, Precision: 0.5832, Recall: 0.5298, F1: 0.5322, Cohen's Kappa: 0.4696, MCC: 0.5164
    Confusion Matrix:
     5263059,1393194,   1078,   9090,  69451,    778, 210133,    453,   6335,2980478
       11457,2628061,     29, 542270, 566727,1136844,  69774,    306,    702,   4308
        4209,    699, 986316,  20936,   3763, 230523,   1761,   1555, 611354,    561
       72309,  10631,  32015,4195241,  25285,2324076,   1854,1047858,  81209, 128061
        4434,     61, 186829,4227791,5285343,    386,   1503,     87,   1759, 267917
     3009402, 187012,  85042,   8557,1329379,5262999,   2606,  41060,   4836,   3043
          12,    137,     16,1839966,  12899, 427459,2632316,  52403,   1012,   2289
           6,  24884,  50715,     46, 137909,     93,    284, 987328,    188, 662134
     1864364, 421420,  78153,   1984,  71315,  30302,   1938,1223699,4195547,  30394
       56912, 281353,   3004,    316,   3505,  35230,    812,4302161,   7452,5285317
    Class 0
      Precision: 0.9999
      Recall: 0.6362
      F1: 0.7776
      AUC: 0.9999
      AP: 0.6361
      Confusion Matrix:
       5263059,    778
       3009402, 5262999
    Class 1
      Precision: 0.9741
      Recall: 0.9999
      F1: 0.9869
      AUC: 0.9871
      AP: 0.9741
      Confusion Matrix:
       2628061,  69774
          137, 2632316
    Class 2
      Precision: 0.9984
      Recall: 0.9511
      F1: 0.9742
      AUC: 0.9992
      AP: 0.9496
      Confusion Matrix:
       986316,   1555
        50715, 987328
    Class 3
      Precision: 0.9810
      Recall: 0.9995
      F1: 0.9902
      AUC: 0.9905
      AP: 0.9805
      Confusion Matrix:
       4195241,  81209
         1984, 4195547
    Class 4
      Precision: 0.9518
      Recall: 0.9993
      F1: 0.9750
      AUC: 0.9759
      AP: 0.9511
      Confusion Matrix:
       5285343, 267917
         3505, 5285317
    Epoch 8: Accuracy: 0.5321, Precision: 0.5531, Recall: 0.5321, F1: 0.5231, Cohen's Kappa: 0.4733, MCC: 0.5475
    Confusion Matrix:
     5285907, 102724,2902320, 112775,  93601,   2133,  14774, 127720,    667,1291428
       10571,2639470,   2786, 122086, 174322,   9335,   5044,    301,    605,1995958
         367, 167358, 990598, 207218,     97,   1695, 438043,    501,  20484,  35316
         182,   5287,     50,4213454,2881573,   7668,   4599,  11154, 693663, 100909
      286064, 308397,  31263,1149775,5308288, 506932,1405301,  22523,   3209, 954358
        9707,  18030,2172577, 251381, 198216,5285847,   2840, 777012, 680866, 537460
        5455,  36777, 325120,1623938,  15846, 231292,2643743,   1053,  80389,   4896
      126396,  95423, 534386,     17,    137,  92014,  18580, 991614,    138,   4882
     1805133,   9025,  12351,  35917, 242102,1432703, 117991,  41269,4213761,   8864
      275200,   3335, 642327,3147450, 134966,   7615, 382182,  35745,  38980,5308262
    Class 0
      Precision: 0.9996
      Recall: 0.9982
      F1: 0.9989
      AUC: 0.9998
      AP: 0.9978
      Confusion Matrix:
       5285907,   2133
         9707, 5285847
    Class 1
      Precision: 0.9981
      Recall: 0.9863
      F1: 0.9921
      AUC: 0.9990
      AP: 0.9844
      Confusion Matrix:
       2639470,   5044
        36777, 2643743
    Class 2
      Precision: 0.9995
      Recall: 0.6496
      F1: 0.7874
      AUC: 0.9997
      AP: 0.6493
      Confusion Matrix:
       990598,    501
       534386, 991614
    Class 3
      Precision: 0.8586
      Recall: 0.9915
      F1: 0.9203
      AUC: 0.9293
      AP: 0.8514
      Confusion Matrix:
       4213454, 693663
        35917, 4213761
    Class 4
      Precision: 0.8476
      Recall: 0.9752
      F1: 0.9069
      AUC: 0.9238
      AP: 0.8266
      Confusion Matrix:
       5308288, 954358
       134966, 5308262
    Epoch 9: Accuracy: 0.5359, Precision: 0.5528, Recall: 0.5359, F1: 0.5202, Cohen's Kappa: 0.4764, MCC: 0.5414
    Confusion Matrix:
     5323656,    349,  27906,   2762,   3779,      3, 579234,  53344,   1088,3941928
          12,2658320,    830,  53545,1874979,    939,  61114,    366,    158, 310215
      245975, 128093, 997672, 100634,  14413,  96463,  18424, 182785,  23743,  53475
       34956, 146750,  60932,4243545,2224811,  72968, 316600,  11923, 284899, 521155
        8291,  10483,3383306,   1261,5346197,   7192, 561102, 187331,   2058, 468889
        1321,     16,1230679, 929311,    358,5323596,   5130, 921807,     80,1521638
      189096, 347527,  84178, 493249, 285467,  96645,2662623, 730361,   5969,  73394
       77683, 572824,   8509,     70,  34171,      3, 171621, 998696,      9,      1
      175563,  47262,   6261,2855245,  46658, 140638,  48647, 232899,4243854, 122089
     3626131, 381051,   1503,     99, 578458,    105,   1592,   1873,  39079,5346171
    Class 0
      Precision: 1.0000
      Recall: 0.9998
      F1: 0.9999
      AUC: 1.0000
      AP: 0.9998
      Confusion Matrix:
       5323656,      3
         1321, 5323596
    Class 1
      Precision: 0.9775
      Recall: 0.8844
      F1: 0.9286
      AUC: 0.9888
      AP: 0.8645
      Confusion Matrix:
       2658320,  61114
       347527, 2662623
    Class 2
      Precision: 0.8452
      Recall: 0.9915
      F1: 0.9125
      AUC: 0.9226
      AP: 0.8380
      Confusion Matrix:
       997672, 182785
         8509, 998696
    Class 3
      Precision: 0.9371
      Recall: 0.5978
      F1: 0.7299
      AUC: 0.9685
      AP: 0.5602
      Confusion Matrix:
       4243545, 284899
       2855245, 4243854
    Class 4
      Precision: 0.9194
      Recall: 0.9024
      F1: 0.9108
      AUC: 0.9597
      AP: 0.8296
      Confusion Matrix:
       5346197, 468889
       578458, 5346171
    Epoch 10: Accuracy: 0.5386, Precision: 0.5932, Recall: 0.5386, F1: 0.5233, Cohen's Kappa: 0.4862, MCC: 0.5600
    Confusion Matrix:
     5350478,4247531, 162261, 156941,    316,     35,  14616,    530,    725,    616
      338751,2671713, 565887,  38449,   1321,  20005, 896426,    953, 379905,  47068
           5, 803108,1002699,  11112,     42,      6,   8653,      1,     46,  36005
          62,2490155,    520,4264925,     41,1075141,  12196,  23265,    339,  51895
        6856,4056072, 250984, 272732,5373132,   6055,   8582,    102,   1395,    200
       91351,    473,  59328,   1698, 325631,5350417,  70543,4031435,    457,   2603
         753, 639095,1464258,    282,   7892,  34276,2676038,   7011,   4592, 134312
      721699, 135263,   1525,      5,      1,      2,    987,1003727,      3,    375
     1133035,  44294,1201610,1028988,  28589,   4042, 101430,  99271,4265235,  12622
         393,     13,    416,1905307,   5153,2631745,   1688,  57021,   1220,5373106
    Class 0
      Precision: 1.0000
      Recall: 0.9832
      F1: 0.9915
      AUC: 1.0000
      AP: 0.9832
      Confusion Matrix:
       5350478,     35
        91351, 5350417
    Class 1
      Precision: 0.7488
      Recall: 0.8070
      F1: 0.7768
      AUC: 0.8745
      AP: 0.6042
      Confusion Matrix:
       2671713, 896426
       639095, 2676038
    Class 2
      Precision: 1.0000
      Recall: 0.9985
      F1: 0.9992
      AUC: 1.0000
      AP: 0.9985
      Confusion Matrix:
       1002699,      1
         1525, 1003727
    Class 3
      Precision: 0.9999
      Recall: 0.8056
      F1: 0.8923
      AUC: 1.0000
      AP: 0.8056
      Confusion Matrix:
       4264925,    339
       1028988, 4265235
    Class 4
      Precision: 1.0000
      Recall: 0.9990
      F1: 0.9995
      AUC: 1.0000
      AP: 0.9990
      Confusion Matrix:
       5373132,    200
         5153, 5373106
    Epoch 11: Accuracy: 0.5415, Precision: 0.5569, Recall: 0.5415, F1: 0.5237, Cohen's Kappa: 0.4832, MCC: 0.5469
    Confusion Matrix:
     5379287,  80966,   9638,   7952,   2800, 445368,1847940,2118514,  39189,   2395
      219657,2686098,  57534,  68654,   5132,1738384,  15429,  16779,  32122, 120689
       57566,   9362,1008098,  93869,   5750, 268314,   5517, 121643,  11196, 280362
     3123021,    122, 492156,4287888,   9894,     73,   1669,    162,    770,   2784
       44742,   1803,  50455,1934635,5402063, 469228, 179744,   1371,  99609,1792460
         409, 167125,2025727,  10018,1250576,5379226, 902105,    674,    635, 197441
        6268,    817,   1527,    138,2233679,  20315,2690447,   1260,   2906,  11152
           5,  25561,      7, 240369,    659, 453416,     27,1009132,      9, 134402
      529793,    409, 308759,1058149,    703,    848,    607,1575179,4288201, 156468
        8686,    192,   2465,3601217,  11185, 582539, 196391, 112938,  58412,5402037
    Class 0
      Precision: 0.9235
      Recall: 0.9999
      F1: 0.9602
      AUC: 0.9618
      AP: 0.9235
      Confusion Matrix:
       5379287, 445368
          409, 5379226
    Class 1
      Precision: 0.9943
      Recall: 0.9997
      F1: 0.9970
      AUC: 0.9971
      AP: 0.9940
      Confusion Matrix:
       2686098,  15429
          817, 2690447
    Class 2
      Precision: 0.8923
      Recall: 1.0000
      F1: 0.9431
      AUC: 0.9462
      AP: 0.8923
      Confusion Matrix:
       1008098, 121643
            7, 1009132
    Class 3
      Precision: 0.9998
      Recall: 0.8021
      F1: 0.8901
      AUC: 0.9999
      AP: 0.8019
      Confusion Matrix:
       4287888,    770
       1058149, 4288201
    Class 4
      Precision: 0.7509
      Recall: 0.9979
      F1: 0.8569
      AUC: 0.8754
      AP: 0.7493
      Confusion Matrix:
       5402063, 1792460
        11185, 5402037
    Epoch 12: Accuracy: 0.5457, Precision: 0.5571, Recall: 0.5457, F1: 0.5358, Cohen's Kappa: 0.4866, MCC: 0.5619
    Confusion Matrix:
     5421010, 594860,  11193,    748,2386828,1518745,     70,     80,    495,     20
       21043,2706932, 349533,    850, 139604, 839407, 607027,  25213, 217972,  52897
          22, 324999,1015917,     35,     23,  17114, 501133,   2279,    139,     16
       71459, 779957,   4033,4321146,2525657,    605,    175,  78203,  13877, 123427
      105519, 205805, 152486,  54742,5443963,    534, 191388,  63441,   9258,3748974
     2987597,   1122,   1965,   6690,   7485,5420948,    356,     44, 388800,1118929
        2846,   8385, 288752,    127,  11134,1881220,2711315,  57650,   4373,   2707
         534, 673177,    952,  42795,  82771,   5762,  14034,1016959,  15881,  10722
         950,  26943,1260377,1275784,  10373, 320636,  30745, 645356,4321461,  26491
      552966,  37581,3328020, 177527,  41280,  35386,  28742,  28463, 302160,5443937
    Class 0
      Precision: 0.7812
      Recall: 0.6447
      F1: 0.7064
      AUC: 0.8906
      AP: 0.5036
      Confusion Matrix:
       5421010, 1518745
       2987597, 5420948
    Class 1
      Precision: 0.8168
      Recall: 0.9969
      F1: 0.8979
      AUC: 0.9085
      AP: 0.8143
      Confusion Matrix:
       2706932, 607027
         8385, 2711315
    Class 2
      Precision: 0.9978
      Recall: 0.9991
      F1: 0.9984
      AUC: 0.9989
      AP: 0.9968
      Confusion Matrix:
       1015917,   2279
          952, 1016959
    Class 3
      Precision: 0.9968
      Recall: 0.7721
      F1: 0.8702
      AUC: 0.9984
      AP: 0.7696
      Confusion Matrix:
       4321146,  13877
       1275784, 4321461
    Class 4
      Precision: 0.5922
      Recall: 0.9925
      F1: 0.7418
      AUC: 0.7961
      AP: 0.5877
      Confusion Matrix:
       5443963, 3748974
        41280, 5443937
    Epoch 13: Accuracy: 0.5484, Precision: 0.5855, Recall: 0.5484, F1: 0.5513, Cohen's Kappa: 0.4877, MCC: 0.5598
    Confusion Matrix:
     5447832,1719919,  28992,  40607,   8897, 201137,   1096,   6860,2454458,  24251
         306,2720326,   9693,    142,   6082,2106096,  83058,     65,    464,  34246
      336284, 184104,1020943, 170671,   2107,  32726,   3315,  82653,  26734,   2140
       10415,  85019,   1543,4342526,2213519,  11324,  89081,  35873,   2588,1126651
     3037514, 134309,   1513,1283781,5470898,   7822,    343,  23684,    724,  15522
        5412, 287584,   2183, 519327,  11526,5447770,  37915,2644358,   6543, 971318
         161,   1105,  24298, 202521,1545710,    586,2724730, 174459, 175451, 119488
       22833, 124953,     95, 101906,  32089,   4808,     64,1021991, 420424, 134424
       11647,1084207,   2051,1374675,   2185,1077177,   4324,  16929,4342843,   3078
       77390, 111439,  93202,   2871,1847514,2301777,  32736,   1616,  36645,5470872
    Class 0
      Precision: 0.9644
      Recall: 0.9990
      F1: 0.9814
      AUC: 0.9822
      AP: 0.9634
      Confusion Matrix:
       5447832, 201137
         5412, 5447770
    Class 1
      Precision: 0.9704
      Recall: 0.9996
      F1: 0.9848
      AUC: 0.9852
      AP: 0.9700
      Confusion Matrix:
       2720326,  83058
         1105, 2724730
    Class 2
      Precision: 0.9251
      Recall: 0.9999
      F1: 0.9611
      AUC: 0.9626
      AP: 0.9250
      Confusion Matrix:
       1020943,  82653
           95, 1021991
    Class 3
      Precision: 0.9994
      Recall: 0.7596
      F1: 0.8631
      AUC: 0.9997
      AP: 0.7591
      Confusion Matrix:
       4342526,   2588
       1374675, 4342843
    Class 4
      Precision: 0.9972
      Recall: 0.7476
      F1: 0.8545
      AUC: 0.9986
      AP: 0.7454
      Confusion Matrix:
       5470898,  15522
       1847514, 5470872
    Epoch 14: Accuracy: 0.5509, Precision: 0.5865, Recall: 0.5509, F1: 0.5374, Cohen's Kappa: 0.4968, MCC: 0.5606
    Confusion Matrix:
     5472667, 447293,   4848,  58484, 520654,3408854,  11326,   5552,   3802,    569
         511,2732727,1582503,     12,   7178,  46957,    847,   6261,    967, 582515
      191949,   6161,1025597,   6878,    577,  10275, 164650, 339023,  39228,  77339
      774778,  95868,2056092,4362323,     83, 264590,     68,  17786, 188693, 158258
         195,     30,1993804,2317982,5495838,     31,  36309,    444, 130392,   1085
     1553423,  19411,    466,  13464,  17037,5472605, 187460,2641253,    676,  28141
        2312,   1088,   8194,   2736, 750838,1108470,2737151,  63966, 159223, 134531
          79,  27739,  11471,  86696,    147,    172,    681,1026650,     23, 709929
     2081576,  68298,  55878,  67619,  13892, 612155, 633708,   6291,4362641,  17058
       13128,  12561,2863260, 710482, 692316,  16687,  70125,  84013,  17678,5495812
    Class 0
      Precision: 0.6162
      Recall: 0.7789
      F1: 0.6881
      AUC: 0.8081
      AP: 0.4800
      Confusion Matrix:
       5472667, 3408854
       1553423, 5472605
    Class 1
      Precision: 0.9997
      Recall: 0.9996
      F1: 0.9996
      AUC: 0.9998
      AP: 0.9993
      Confusion Matrix:
       2732727,    847
         1088, 2737151
    Class 2
      Precision: 0.7516
      Recall: 0.9889
      F1: 0.8541
      AUC: 0.8759
      AP: 0.7432
      Confusion Matrix:
       1025597, 339023
        11471, 1026650
    Class 3
      Precision: 0.9585
      Recall: 0.9847
      F1: 0.9715
      AUC: 0.9793
      AP: 0.9439
      Confusion Matrix:
       4362323, 188693
        67619, 4362641
    Class 4
      Precision: 0.9998
      Recall: 0.8881
      F1: 0.9407
      AUC: 0.9999
      AP: 0.8879
      Confusion Matrix:
       5495838,   1085
       692316, 5495812
    Epoch 15: Accuracy: 0.5525, Precision: 0.5812, Recall: 0.5525, F1: 0.5337, Cohen's Kappa: 0.4992, MCC: 0.5775
    Confusion Matrix:
     5488562, 378648,1942441,    413,   4296,1415339,   2262,   4453,    316, 697319
     1781827,2740664,   7046,     25, 190896, 139663,  98372,   1391,     40,    554
           5, 149144,1028576,  36566,      2, 323405,   3974, 319917,     87,      1
      362342, 607944,1721263,4374992,    562, 601086,  74720,  12824,  33754, 129052
        2368,   2692, 227254,   1012,5511800,4107559,    551,   4230, 116550,   2094
       84765,2895698,  70485,  98955, 325241,5488499, 242619,  73485,  27789, 626400
        8899, 444610,1475567,  90045,  47860,  15251,2745101,  88872,  25750,  26554
        2971,    348,    129,    921, 100364,    718,   1954,1029631,  17516, 709035
       19322,   9117,   1260, 522420, 212300,   7371, 389979,2372281,4375311,   9755
       43206, 194708,2280574, 869565,1064419,   1268,   4789,   1604,   4155,5511774
    Class 0
      Precision: 0.7950
      Recall: 0.9848
      F1: 0.8798
      AUC: 0.8975
      AP: 0.7829
      Confusion Matrix:
       5488562, 1415339
        84765, 5488499
    Class 1
      Precision: 0.9654
      Recall: 0.8604
      F1: 0.9099
      AUC: 0.9827
      AP: 0.8306
      Confusion Matrix:
       2740664,  98372
       444610, 2745101
    Class 2
      Precision: 0.7628
      Recall: 0.9999
      F1: 0.8654
      AUC: 0.8815
      AP: 0.7627
      Confusion Matrix:
       1028576, 319917
          129, 1029631
    Class 3
      Precision: 0.9923
      Recall: 0.8933
      F1: 0.9402
      AUC: 0.9962
      AP: 0.8865
      Confusion Matrix:
       4374992,  33754
       522420, 4375311
    Class 4
      Precision: 0.9996
      Recall: 0.8381
      F1: 0.9118
      AUC: 0.9998
      AP: 0.8378
      Confusion Matrix:
       5511800,   2094
       1064419, 5511774
    Epoch 16: Accuracy: 0.5573, Precision: 0.5792, Recall: 0.5573, F1: 0.5637, Cohen's Kappa: 0.4974, MCC: 0.5624
    Confusion Matrix:
     5536245, 605798,   2845,   3519,  54362,    216,  40839,  38168,3551786, 100271
        8979,2764474, 199258, 295549,1047690,  10592, 361482, 226514,  40337,   5603
           8,      2,1037512,      5,   3993,  76141,  22896,   1109, 615942, 104069
      183658,    532,  21166,4413001, 494269,     43, 307204,  21276,2476344,   1046
       13544,  13821,   7971,1959507,5559686, 289772, 959180,  18912,1111611,  42106
     2699060,    129,   6606,     83,     24,5536182,  72881,   4986, 167811,1446174
       14059, 168528, 272448, 569762, 435441, 703116,2768950,   4954,  24240,   7011
       13588,  38524,    607,   1320, 574959, 177101,    494,1038577,    257,  18160
       73051,1106238,  34943,  94596,1445446,  82003, 607814,  11983,4413323,  49719
        2069,    621, 166876,  13143, 998600,2881309,  58643, 294444,    698,5559659
    Class 0
      Precision: 1.0000
      Recall: 0.6723
      F1: 0.8040
      AUC: 1.0000
      AP: 0.6722
      Confusion Matrix:
       5536245,    216
       2699060, 5536182
    Class 1
      Precision: 0.8844
      Recall: 0.9425
      F1: 0.9125
      AUC: 0.9423
      AP: 0.8335
      Confusion Matrix:
       2764474, 361482
       168528, 2768950
    Class 2
      Precision: 0.9989
      Recall: 0.9994
      F1: 0.9992
      AUC: 0.9995
      AP: 0.9983
      Confusion Matrix:
       1037512,   1109
          607, 1038577
    Class 3
      Precision: 0.6406
      Recall: 0.9790
      F1: 0.7744
      AUC: 0.8203
      AP: 0.6271
      Confusion Matrix:
       4413001, 2476344
        94596, 4413323
    Class 4
      Precision: 0.9925
      Recall: 0.8477
      F1: 0.9144
      AUC: 0.9962
      AP: 0.8414
      Confusion Matrix:
       5559686,  42106
       998600, 5559659
    Epoch 17: Accuracy: 0.5605, Precision: 0.5619, Recall: 0.5605, F1: 0.5378, Cohen's Kappa: 0.5081, MCC: 0.5764
    Confusion Matrix:
     5568034,    936,3828484, 299632,  25327,   2942, 150077,  48006,   1926,   8685
     1424634,2780347,  65416,  12763,  46856,  27653, 330947,  45389, 155119,  71354
       37478, 576358,1043469,  55284,  73818,   6032,   3094,    163,    405,  65576
       19365, 320905,   8939,4438341,    415,  63135,  96104,  12605,2935227,  23503
      486008,1123120, 210379,1955827,5591609,   7765,  19523, 537016,   1247,  43616
         630,1038642,1081126,  21538,1561487,5567971,  21826,    170, 108331, 532215
      300544, 983458,     49, 356415, 130488,    830,2784849,    576,  96812, 314488
        7033,  56399, 198764, 252518,  67186,   4880, 218323,1044540,  11979,   1965
       13486,1307479,  57371, 827638,    582,  95139,1143414,  14996,4438664,  20347
        3386, 105673,  18381, 751882,    742, 672833,1846979, 277525, 707079,5591582
    Class 0
      Precision: 0.9995
      Recall: 0.9999
      F1: 0.9997
      AUC: 0.9997
      AP: 0.9994
      Confusion Matrix:
       5568034,   2942
          630, 5567971
    Class 1
      Precision: 0.8936
      Recall: 0.7387
      F1: 0.8088
      AUC: 0.9469
      AP: 0.6601
      Confusion Matrix:
       2780347, 330947
       983458, 2784849
    Class 2
      Precision: 0.9998
      Recall: 0.8400
      F1: 0.9130
      AUC: 0.9999
      AP: 0.8399
      Confusion Matrix:
       1043469,    163
       198764, 1044540
    Class 3
      Precision: 0.6019
      Recall: 0.8428
      F1: 0.7023
      AUC: 0.8010
      AP: 0.5073
      Confusion Matrix:
       4438341, 2935227
       827638, 4438664
    Class 4
      Precision: 0.9923
      Recall: 0.9999
      F1: 0.9960
      AUC: 0.9961
      AP: 0.9921
      Confusion Matrix:
       5591609,  43616
          742, 5591582
    Epoch 18: Accuracy: 0.5636, Precision: 0.5635, Recall: 0.5636, F1: 0.5372, Cohen's Kappa: 0.5106, MCC: 0.5605
    Confusion Matrix:
     5598830,3090412,   1330, 486092,   1763,   1404,     67, 730454,     20,  23677
      219976,2795725, 656708,   3749,  39688, 969187,  23922,   7554,   3260, 240709
      206539,    683,1049241,  80624,     17, 137757,   1657,  35797, 329012,  20350
       10396,   3806, 899542,4462888,   6016, 985698,    621,   1981,    920,1546671
      211602, 376956,  44228,2694554,5622535, 318140, 500482,  49368, 156426,   1819
      434797,  31610, 114576,1094218, 506064,5598766,  51270,1872134, 102679, 127822
        5596, 557036,  10979,  21208,  75863, 193653,2800251, 357767, 872432,  73724
        9306,   6809, 786780,    555,   4844,   3839,    219,1050317,    211,    707
          62,     19,      7,2573210, 862821,    708,  17920,     10,4463213,   1146
      521618,1058408,1336220,  99098, 134116, 171756,  67378, 380550, 584410,5622508
    Class 0
      Precision: 0.9997
      Recall: 0.9279
      F1: 0.9625
      AUC: 0.9999
      AP: 0.9277
      Confusion Matrix:
       5598830,   1404
       434797, 5598766
    Class 1
      Precision: 0.9915
      Recall: 0.8339
      F1: 0.9059
      AUC: 0.9958
      AP: 0.8268
      Confusion Matrix:
       2795725,  23922
       557036, 2800251
    Class 2
      Precision: 0.9670
      Recall: 0.5715
      F1: 0.7184
      AUC: 0.9835
      AP: 0.5526
      Confusion Matrix:
       1049241,  35797
       786780, 1050317
    Class 3
      Precision: 0.9998
      Recall: 0.6343
      F1: 0.7762
      AUC: 0.9999
      AP: 0.6342
      Confusion Matrix:
       4462888,    920
       2573210, 4463213
    Class 4
      Precision: 0.9997
      Recall: 0.9767
      F1: 0.9881
      AUC: 0.9998
      AP: 0.9764
      Confusion Matrix:
       5622535,   1819
       134116, 5622508
    Epoch 19: Accuracy: 0.5666, Precision: 0.5880, Recall: 0.5666, F1: 0.5521, Cohen's Kappa: 0.5139, MCC: 0.5695
    Confusion Matrix:
     5628632,  20165,    775,    160,     78, 463951,3796508,   1432,    484,  21864
       66688,2810606,  79106, 106476, 592584,  16689,   8199,  15203,1257153,   7774
           2,     38,1054826,     14,     37,      1,      1,     10,  37163, 769585
         101,    180, 818278,4486644,  29412,    922, 735330, 443522,    122,1404028
       16699, 129622,  55973,1527693,5652463,  39647,  13506,  89287,2407813,  43407
          81,   1076,      7,   9942, 668843,5628568,     43,1920853,  25677,1678846
       20027, 419061,  30609, 133387,  24980, 111542,2815157,  68289,1185906, 159551
      156751, 174569,    423,    728,     38,   1938,  74942,1055908,    186, 398104
        8938, 121878,  58086,  88804,2171211, 182303,   3113, 744343,4486971,  53469
       95777,   7742,     41,  60058,    113, 409759,  75760,3627466,  46910,5652436
    Class 0
      Precision: 0.9238
      Recall: 1.0000
      F1: 0.9604
      AUC: 0.9619
      AP: 0.9238
      Confusion Matrix:
       5628632, 463951
           81, 5628568
    Class 1
      Precision: 0.9971
      Recall: 0.8702
      F1: 0.9294
      AUC: 0.9985
      AP: 0.8677
      Confusion Matrix:
       2810606,   8199
       419061, 2815157
    Class 2
      Precision: 1.0000
      Recall: 0.9996
      F1: 0.9998
      AUC: 1.0000
      AP: 0.9996
      Confusion Matrix:
       1054826,     10
          423, 1055908
    Class 3
      Precision: 1.0000
      Recall: 0.9806
      F1: 0.9902
      AUC: 1.0000
      AP: 0.9806
      Confusion Matrix:
       4486644,    122
        88804, 4486971
    Class 4
      Precision: 0.9924
      Recall: 1.0000
      F1: 0.9962
      AUC: 0.9962
      AP: 0.9924
      Confusion Matrix:
       5652463,  43407
          113, 5652436
    Epoch 20: Accuracy: 0.5700, Precision: 0.5937, Recall: 0.5700, F1: 0.5619, Cohen's Kappa: 0.5150, MCC: 0.5961
    Confusion Matrix:
     5662407,     18,   2149, 805748,  98961,1087203,2137366,  11344, 109437,  19416
      527298,2827472, 375923,   2579,   5974,   1263,  24602, 146730, 949430,  99207
           3,      1,1061155, 799992,      1,      1,    486,      1,      1,     36
        4577,     71,   3851,4513567,   6761,   2519,   2730,   7871,    310,3376282
        1446,  14342,  46970, 175118,5686382,    963,4015499,   2600,   7600,  25190
      639613, 120268, 138434,   2958, 911177,5662343,  43291,2365856,   3630,  46366
     1705186, 111199, 318448,    415,     92,    140,2832050,    102,    620,    257
          20,    354,  60717,  20578,    225,     34, 298904,1062244, 419905,    606
       60575,     10, 303209,  11024,  74641,    124,    542,    136,4513896,2954959
      221255,  14825,  30716,  64787,1015580, 981372,1919913,  25637,  15622,5686355
    Class 0
      Precision: 0.8389
      Recall: 0.8985
      F1: 0.8677
      AUC: 0.9195
      AP: 0.7538
      Confusion Matrix:
       5662407, 1087203
       639613, 5662343
    Class 1
      Precision: 0.9914
      Recall: 0.9622
      F1: 0.9765
      AUC: 0.9957
      AP: 0.9539
      Confusion Matrix:
       2827472,  24602
       111199, 2832050
    Class 2
      Precision: 1.0000
      Recall: 0.9459
      F1: 0.9722
      AUC: 1.0000
      AP: 0.9459
      Confusion Matrix:
       1061155,      1
        60717, 1062244
    Class 3
      Precision: 0.9999
      Recall: 0.9976
      F1: 0.9987
      AUC: 1.0000
      AP: 0.9975
      Confusion Matrix:
       4513567,    310
        11024, 4513896
    Class 4
      Precision: 0.9956
      Recall: 0.8485
      F1: 0.9162
      AUC: 0.9978
      AP: 0.8447
      Confusion Matrix:
       5686382,  25190
       1015580, 5686355