Ablation Type: no_pos_enc
==================================================
Epoch Results:
    Epoch 1: Accuracy: 0.7519, Precision: 0.7217, Recall: 0.7519, F1: 0.7217, Cohen's Kappa: 0.7197, MCC: 0.6967
    Confusion Matrix:
     7469411, 533650,   7876,  27916, 708649,  15181,    769, 456581, 710691,   3325
          61,3729783, 282918, 167291,  61156,     10,   7671,      9, 711546,     33
         498,  88568,1399794, 199253,  43394,    516, 126086,   1154,   1179,   1235
          10,     34,    823,5953949,    104,   2462, 187395, 423194,1346645,   3923
       36217,   8494, 330463,    490,7501037,1937288,  40185,  18053,  94509,   9374
       68954,   2219, 552487,  12211,  11238,7469326,  14432, 374751,   1403,1426915
      169053, 216766,   5519,  41930,   7065, 500939,3735821, 239612,  15762,  36042
          30,   2632,   2139,      4,   1608, 330111,    192,1401231,      2, 125638
         452,   2258,1745436,   2250,   1009,  19438,   3171, 154517,5954383,  36202
        1167,   1623,  40390,  16937,1586640,  17899, 797121,   5827,   7457,7501001
    Class 0
      Precision: 0.9980
      Recall: 0.9909
      F1: 0.9944
      AUC: 0.9990
      AP: 0.9888
      Confusion Matrix:
       7469411,  15181
        68954, 7469326
    Class 1
      Precision: 0.9979
      Recall: 0.9451
      F1: 0.9708
      AUC: 0.9990
      AP: 0.9431
      Confusion Matrix:
       3729783,   7671
       216766, 3735821
    Class 2
      Precision: 0.9992
      Recall: 0.9985
      F1: 0.9988
      AUC: 0.9996
      AP: 0.9977
      Confusion Matrix:
       1399794,   1154
         2139, 1401231
    Class 3
      Precision: 0.8155
      Recall: 0.9996
      F1: 0.8982
      AUC: 0.9078
      AP: 0.8152
      Confusion Matrix:
       5953949, 1346645
         2250, 5954383
    Class 4
      Precision: 0.9988
      Recall: 0.8254
      F1: 0.9038
      AUC: 0.9994
      AP: 0.8244
      Confusion Matrix:
       7501037,   9374
       1586640, 7501001
    Epoch 2: Accuracy: 0.7512, Precision: 0.7311, Recall: 0.7512, F1: 0.7315, Cohen's Kappa: 0.7186, MCC: 0.6883
    Confusion Matrix:
     7462457,  28451, 298033,  63732, 404839,1040616, 200655, 354011,  73603,   7652
       49410,3726311,    530,    205, 494450,   4098,    952,  47990,   1014, 635518
       98292,  93664,1398491,    726,  94097,     24, 170058,   5642,    262,    421
      273906, 976683,  92533,5948406, 143133,  49915,  37500, 130751,   4664, 261048
         741,    102,    590,  31063,7494053,    277,1754513,   1735,    361, 692675
        4690,    664,1180483,    361,   2624,7462372,1172015,  13899,    595,  96233
         737, 772721, 257265, 184924,  13531,   2882,3732343,    116,   2387,   1603
         134,    356,     35,  19260,    453,      1,  31686,1399926, 411543,    193
       93032,   8301,      5, 113777,  50406,  23940,     36,  29330,5948839,1651450
      969293,   3417,   1584,  47278,    618,1116096, 342038,   1413,    308,7494017
    Class 0
      Precision: 0.8776
      Recall: 0.9994
      F1: 0.9345
      AUC: 0.9388
      AP: 0.8771
      Confusion Matrix:
       7462457, 1040616
         4690, 7462372
    Class 1
      Precision: 0.9997
      Recall: 0.8282
      F1: 0.9060
      AUC: 0.9999
      AP: 0.8280
      Confusion Matrix:
       3726311,    952
       772721, 3732343
    Class 2
      Precision: 0.9960
      Recall: 1.0000
      F1: 0.9980
      AUC: 0.9980
      AP: 0.9960
      Confusion Matrix:
       1398491,   5642
           35, 1399926
    Class 3
      Precision: 0.9992
      Recall: 0.9812
      F1: 0.9901
      AUC: 0.9996
      AP: 0.9805
      Confusion Matrix:
       5948406,   4664
       113777, 5948839
    Class 4
      Precision: 0.9154
      Recall: 0.9999
      F1: 0.9558
      AUC: 0.9577
      AP: 0.9153
      Confusion Matrix:
       7494053, 692675
          618, 7494017
    Epoch 3: Accuracy: 0.7537, Precision: 0.7502, Recall: 0.7537, F1: 0.7410, Cohen's Kappa: 0.7209, MCC: 0.7149
    Confusion Matrix:
     7487292,  22282,     37,1467494, 180180,     21, 121915, 654732,     95,      1
      100258,3738712,    214,    147,   3385, 224403, 891672,    142,   1501,     44
         116,   8293,1403145, 116961, 138005,    141,    239, 194039,    708,     30
      351978, 117067, 186881,5968202,  55588,  36689,   4053,   2219,  39285,1156577
     2349040,  32237,  13953,   9210,7518994,     48,   1509,  45171,   4312,   1636
         173,  18968, 201196, 844654,   6594,7487207,  10555,   1395,1363175,     19
       16353,    212,    415, 224443, 398941,    173,3744765,    266,  12888, 570053
       11274,   4452,  18076,  20773,  18651,  15163, 306245,1404585,  10944,  53424
      327167,  92626,   5983,      1,     38,      1,    355,1524307,5968637,      1
     2053816,    152,  46344,      1, 184422,      4,  51145,  56656,  64565,7518957
    Class 0
      Precision: 1.0000
      Recall: 1.0000
      F1: 1.0000
      AUC: 1.0000
      AP: 1.0000
      Confusion Matrix:
       7487292,     21
          173, 7487207
    Class 1
      Precision: 0.8074
      Recall: 0.9999
      F1: 0.8934
      AUC: 0.9038
      AP: 0.8074
      Confusion Matrix:
       3738712, 891672
          212, 3744765
    Class 2
      Precision: 0.8785
      Recall: 0.9873
      F1: 0.9297
      AUC: 0.9393
      AP: 0.8673
      Confusion Matrix:
       1403145, 194039
        18076, 1404585
    Class 3
      Precision: 0.9935
      Recall: 1.0000
      F1: 0.9967
      AUC: 0.9967
      AP: 0.9935
      Confusion Matrix:
       5968202,  39285
            1, 5968637
    Class 4
      Precision: 0.9998
      Recall: 0.9761
      F1: 0.9878
      AUC: 0.9999
      AP: 0.9758
      Confusion Matrix:
       7518994,   1636
       184422, 7518957
    Epoch 4: Accuracy: 0.7571, Precision: 0.7194, Recall: 0.7571, F1: 0.7241, Cohen's Kappa: 0.7258, MCC: 0.7198
    Confusion Matrix:
     7521068, 103088,  22049,   3002,  56022,1600171,   1173, 604643,  21760,   1073
       34881,3755577, 822715, 209687,  14075,  42248,  10272,   9074,  53642,   8307
       16894,      3,1409475,   8805,  18217,     24,     59,  34779,   1695, 371726
       29439, 164148, 204283,5995125,  26028,  35011,1375923,   4423,   1702,  82457
       29492,    414,1881694,    368,7552912,     42,   1334,    153, 431076,  78625
        9168,   6357,  23564,  26346,1302689,7520982, 103137, 698572, 237848,   5273
        1729,1027827,    207,   8814, 118353,  17352,3761658,  32543,      2,     24
        2125,  17257,  30292,    478,   7127,  15940, 349245,1410921,   9467,  20735
      213222, 235983,   3543,    954,1154662, 151156,  52469,  20678,5995562,  90887
      931690,     50,   3044,  23699,  19730, 172552,     31,    462,1271928,7552876
    Class 0
      Precision: 0.8246
      Recall: 0.9988
      F1: 0.9034
      AUC: 0.9123
      AP: 0.8236
      Confusion Matrix:
       7521068, 1600171
         9168, 7520982
    Class 1
      Precision: 0.9973
      Recall: 0.7851
      F1: 0.8786
      AUC: 0.9986
      AP: 0.7830
      Confusion Matrix:
       3755577,  10272
       1027827, 3761658
    Class 2
      Precision: 0.9759
      Recall: 0.9790
      F1: 0.9774
      AUC: 0.9880
      AP: 0.9554
      Confusion Matrix:
       1409475,  34779
        30292, 1410921
    Class 3
      Precision: 0.9997
      Recall: 0.9998
      F1: 0.9998
      AUC: 0.9999
      AP: 0.9996
      Confusion Matrix:
       5995125,   1702
          954, 5995562
    Class 4
      Precision: 0.9897
      Recall: 0.9974
      F1: 0.9935
      AUC: 0.9948
      AP: 0.9871
      Confusion Matrix:
       7552912,  78625
        19730, 7552876
    Epoch 5: Accuracy: 0.7613, Precision: 0.7326, Recall: 0.7613, F1: 0.7362, Cohen's Kappa: 0.7303, MCC: 0.6750
    Confusion Matrix:
     7562791,  45407,  21671,  50274,   5455, 551114,1559357,  14297,  45561,  78122
        1107,3776411,   3127,    577,  86313,   1139,    385,   2047, 299664, 789708
       16206,   5654,1417294,  10424,  16827,    978, 203966,  30165,  49405, 110758
      296561, 152285,  50922,6028383,   3153,    808,1068644,   9586, 306961,   1236
        9528,  27557,   2535,  79700,7594812, 776897,   1182, 202424,1281154,    321
         473,   9447,  13474,    116,     18,7562705,    113, 249306,1859086, 239198
       73045,  30708,  54590, 299511,  16811,   2027,3782525, 153724, 520619,  34949
       16034, 241550,   6862, 144794,   3861,     80,    676,1418748,    173,  30809
      287104,    254,1574970,  14451,    706,   2339,   1116,     21,6028823,   9332
      175806, 456150,  21500,  18335, 625768, 244025,  16065, 460881, 362756,7594776
    Class 0
      Precision: 0.9321
      Recall: 0.9999
      F1: 0.9648
      AUC: 0.9660
      AP: 0.9320
      Confusion Matrix:
       7562791, 551114
          473, 7562705
    Class 1
      Precision: 0.9999
      Recall: 0.9919
      F1: 0.9959
      AUC: 0.9999
      AP: 0.9918
      Confusion Matrix:
       3776411,    385
        30708, 3782525
    Class 2
      Precision: 0.9792
      Recall: 0.9952
      F1: 0.9871
      AUC: 0.9896
      AP: 0.9744
      Confusion Matrix:
       1417294,  30165
         6862, 1418748
    Class 3
      Precision: 0.9515
      Recall: 0.9976
      F1: 0.9740
      AUC: 0.9758
      AP: 0.9493
      Confusion Matrix:
       6028383, 306961
        14451, 6028823
    Class 4
      Precision: 1.0000
      Recall: 0.9239
      F1: 0.9604
      AUC: 1.0000
      AP: 0.9238
      Confusion Matrix:
       7594812,    321
       625768, 7594776
    Epoch 6: Accuracy: 0.7614, Precision: 0.7260, Recall: 0.7614, F1: 0.7303, Cohen's Kappa: 0.7304, MCC: 0.6861
    Confusion Matrix:
     7563784, 221787, 241113,   2199,  17201,    224,  15881,1681753, 188758,   1349
        5962,3776907,  48608,  57766,   2331, 820645,   6407, 234425,   2163,   5264
        1468,  18843,1417480,   1245, 266419,   1700,  89682,  56398,   5456,   2986
      457922, 332060, 126344,6029175, 920836,    309,    607,   2091,  49088,    107
         201, 116912,1194555,    503,7595810,  58902, 121390,     29, 887782,     26
       31214,  96782, 128550, 211681, 181506,7563698,  44449, 198308,1470391,   7357
       31430,1109018,   3620,  26811,   2044,    316,3783022,   7386,   4492,    370
        9987,  96403,      1,    403, 305536,   7306,   8721,1418935,  12754,   3541
      340578, 127347,    229, 486697,   1008,     29,   1317,  11947,6029614, 920350
       26564,    645, 158865, 373416,  64540,1744681,   3291,    932,   7355,7595773
    Class 0
      Precision: 1.0000
      Recall: 0.9959
      F1: 0.9979
      AUC: 1.0000
      AP: 0.9959
      Confusion Matrix:
       7563784,    224
        31214, 7563698
    Class 1
      Precision: 0.9983
      Recall: 0.7730
      F1: 0.8713
      AUC: 0.9992
      AP: 0.7717
      Confusion Matrix:
       3776907,   6407
       1109018, 3783022
    Class 2
      Precision: 0.9617
      Recall: 1.0000
      F1: 0.9805
      AUC: 0.9809
      AP: 0.9617
      Confusion Matrix:
       1417480,  56398
            1, 1418935
    Class 3
      Precision: 0.9919
      Recall: 0.9253
      F1: 0.9575
      AUC: 0.9960
      AP: 0.9178
      Confusion Matrix:
       6029175,  49088
       486697, 6029614
    Class 4
      Precision: 1.0000
      Recall: 0.9916
      F1: 0.9958
      AUC: 1.0000
      AP: 0.9916
      Confusion Matrix:
       7595810,     26
        64540, 7595773
    Epoch 7: Accuracy: 0.7650, Precision: 0.7309, Recall: 0.7650, F1: 0.7324, Cohen's Kappa: 0.7349, MCC: 0.7779
    Confusion Matrix:
     7599547,  51062,  74847,  28055,  61285, 547216, 783478, 291834, 489598,   7127
       19187,3794765,  90653,   4547,   6187,  67452,   1243, 833232, 112785,  30427
      139793,    994,1424182, 239233,   1276,    458,  42351,   4013,   8860,    517
       10618,  16895, 813266,6057682,   6748,    569,   7351, 109074,  62535, 833801
        3257, 104361,     11,    311,7631724,      3,      3,   3440,     63,2232937
          68,2262335,  27535,   9453,    196,7599461,  10599,  20643,   3591,     55
        1742,   6061, 517501, 357382,  84796, 175768,3800909,  13142,   7069,   4139
      109948,  17551, 119820,   9437, 142824,   6449,  25573,1425644,   1232,   5109
        2662,1235467,  88048,   5784,  19895,  23761,   1376, 177014,6058123, 306986
      941446,    354, 762075,   5514,   2922,    445, 102591,   2332, 526696,7631687
    Class 0
      Precision: 0.9328
      Recall: 1.0000
      F1: 0.9652
      AUC: 0.9664
      AP: 0.9328
      Confusion Matrix:
       7599547, 547216
           68, 7599461
    Class 1
      Precision: 0.9997
      Recall: 0.9984
      F1: 0.9990
      AUC: 0.9998
      AP: 0.9981
      Confusion Matrix:
       3794765,   1243
         6061, 3800909
    Class 2
      Precision: 0.9972
      Recall: 0.9224
      F1: 0.9583
      AUC: 0.9986
      AP: 0.9198
      Confusion Matrix:
       1424182,   4013
       119820, 1425644
    Class 3
      Precision: 0.9898
      Recall: 0.9990
      F1: 0.9944
      AUC: 0.9949
      AP: 0.9888
      Confusion Matrix:
       6057682,  62535
         5784, 6058123
    Class 4
      Precision: 0.7736
      Recall: 0.9996
      F1: 0.8722
      AUC: 0.8868
      AP: 0.7733
      Confusion Matrix:
       7631724, 2232937
         2922, 7631687
    Epoch 8: Accuracy: 0.7699, Precision: 0.7551, Recall: 0.7699, F1: 0.7421, Cohen's Kappa: 0.7409, MCC: 0.7634
    Confusion Matrix:
     7648224,   8393,1401171,  98855,    653,   2272,  27635,   2302,  44522, 700022
        2948,3819072,   2783,   8351,  16228, 135589,  23759, 261967, 687451,   2330
      152042, 196930,1433305,  70004,   7596,    491,    168,    302,    153,    686
         864,   2923,1329125,6096483,  76253,   1378,     23,     24, 411454,     12
         962,  75098,   3639, 883390,7680607,   2467,    134, 283418,1046098,    297
        1880,   9244,1361962, 456316,  11450,7648137,  45226, 398267,     75,   1379
      110646,  24814,  76078, 241537, 405109, 109917,3825255, 121614,   3444,  50095
          16,    997,    145,    246,  29277,  20719,    469,1434775,  93441, 283502
          34, 765827, 622911,     48, 294437,   2926,   1107,  12747,6096927, 122152
     1249104,   4120, 413013, 564275,   3281,  52682,    953,   7886,    178,7680570
    Class 0
      Precision: 0.9997
      Recall: 0.9998
      F1: 0.9997
      AUC: 0.9999
      AP: 0.9995
      Confusion Matrix:
       7648224,   2272
         1880, 7648137
    Class 1
      Precision: 0.9938
      Recall: 0.9935
      F1: 0.9937
      AUC: 0.9969
      AP: 0.9874
      Confusion Matrix:
       3819072,  23759
        24814, 3825255
    Class 2
      Precision: 0.9998
      Recall: 0.9999
      F1: 0.9998
      AUC: 0.9999
      AP: 0.9997
      Confusion Matrix:
       1433305,    302
          145, 1434775
    Class 3
      Precision: 0.9368
      Recall: 1.0000
      F1: 0.9674
      AUC: 0.9684
      AP: 0.9368
      Confusion Matrix:
       6096483, 411454
           48, 6096927
    Class 4
      Precision: 1.0000
      Recall: 0.9996
      F1: 0.9998
      AUC: 1.0000
      AP: 0.9995
      Confusion Matrix:
       7680607,    297
         3281, 7680570
    Epoch 9: Accuracy: 0.7707, Precision: 0.7291, Recall: 0.7707, F1: 0.7378, Cohen's Kappa: 0.7411, MCC: 0.6360
    Confusion Matrix:
     7656171,   1649, 266253,    725,    423,1620651,  38853,  44072, 250025,  55227
        4853,3823040,  22658,  85599, 124844,    504, 767174, 118951,   2738,  10117
         179,  33231,1434794, 208525,    153,  67304,    641,  76112,  13293,  27445
      100015, 460448,  26652,6102818, 213417,  58482,  55909, 344358, 466221,  90219
          42,   3539,    223,2025104,7688587,   1898, 251090,    465,    603,   4559
         502,   2213,     21,  15668,     19,7656084,  21471,     60,     16,2237882
       23311, 737129,  28832,  94940, 108933,  45752,3829229,  28036,  65428,   6919
          22,   2021,    219, 266870,   3441,    312,     16,1436266,      8, 154412
      281982,    724,  12577,    981,    216,   4515, 553372, 961206,6103262,    281
       79880, 312240,1806382,   2045,  21010,  22697,  41868,    413,    977,7688550
    Class 0
      Precision: 0.8253
      Recall: 0.9999
      F1: 0.9043
      AUC: 0.9126
      AP: 0.8252
      Confusion Matrix:
       7656171, 1620651
          502, 7656084
    Class 1
      Precision: 0.8329
      Recall: 0.8384
      F1: 0.8356
      AUC: 0.9165
      AP: 0.6982
      Confusion Matrix:
       3823040, 767174
       737129, 3829229
    Class 2
      Precision: 0.9496
      Recall: 0.9998
      F1: 0.9741
      AUC: 0.9748
      AP: 0.9495
      Confusion Matrix:
       1434794,  76112
          219, 1436266
    Class 3
      Precision: 0.9290
      Recall: 0.9998
      F1: 0.9631
      AUC: 0.9645
      AP: 0.9289
      Confusion Matrix:
       6102818, 466221
          981, 6103262
    Class 4
      Precision: 0.9994
      Recall: 0.9973
      F1: 0.9983
      AUC: 0.9997
      AP: 0.9967
      Confusion Matrix:
       7688587,   4559
        21010, 7688550
    Epoch 10: Accuracy: 0.7739, Precision: 0.7533, Recall: 0.7739, F1: 0.7562, Cohen's Kappa: 0.7445, MCC: 0.7327
    Confusion Matrix:
     7687960,     85,   1269, 497454,    824,  10434, 396267,   2317,1336946,    493
          86,3838913,  36741,  44572, 152179, 433219,    324, 449389,   1622,   3433
      178010,    822,1440751, 225796,   4068,   1890,     63,    208,    276,   9793
      757500,      1,      1,6128157,   2431,    830, 914479,  93362,  21775,      3
        1675,    531,   6353, 190269,7720511,1349930, 541518,   8878, 155790,    655
       24860,1720533,    255,  77142,   4056,7687873, 305935,    836,  49004,  63442
         104,    575, 108086,     23,    629, 913979,3845129,  81755,  11520,   6709
        1577,     68, 409530,   3617,   5813,    450,     33,1442229,     83,    187
        3603,1306971, 249429,  76160,  12041,  17407, 100576,  17080,6128603,   7246
         115, 413535,  54422, 495139,   1388,  22029,    139,   5445,1263376,7720474
    Class 0
      Precision: 0.9986
      Recall: 0.9968
      F1: 0.9977
      AUC: 0.9993
      AP: 0.9954
      Confusion Matrix:
       7687960,  10434
        24860, 7687873
    Class 1
      Precision: 0.9999
      Recall: 0.9999
      F1: 0.9999
      AUC: 1.0000
      AP: 0.9998
      Confusion Matrix:
       3838913,    324
          575, 3845129
    Class 2
      Precision: 0.9999
      Recall: 0.7787
      F1: 0.8755
      AUC: 0.9999
      AP: 0.7786
      Confusion Matrix:
       1440751,    208
       409530, 1442229
    Class 3
      Precision: 0.9965
      Recall: 0.9877
      F1: 0.9921
      AUC: 0.9982
      AP: 0.9842
      Confusion Matrix:
       6128157,  21775
        76160, 6128603
    Class 4
      Precision: 0.9999
      Recall: 0.9998
      F1: 0.9999
      AUC: 1.0000
      AP: 0.9997
      Confusion Matrix:
       7720511,    655
         1388, 7720474
    Epoch 11: Accuracy: 0.7759, Precision: 0.7394, Recall: 0.7759, F1: 0.7464, Cohen's Kappa: 0.7466, MCC: 0.7904
    Confusion Matrix:
     7707828,1271709, 232215,  14980,  80601, 199047,  12579, 147485, 160654, 106951
      690294,3848834,   7556,  81596, 114121,    247,   3829,    882,  69477, 143642
        8812,    287,1444475,    344,    110,  17326,   4424, 385502,    385,     12
         757,    654,  47363,6143994,  11365,    113,  41357,1415424, 229151,  28361
     1278220,   5243,    352,    567,7740463,     32, 710988,    274,  27321, 212650
      751153,   1315,1056618,   4837, 146229,7707740,  48397,   6487,   4687, 206473
      139379,  58811, 190407, 369773,  13902,   2682,3855066, 104588,   4813, 229088
           3,      2,     12,  80591, 137514,   3021, 190041,1445957,   6408,     38
         530,   3762,   2429,  30435,    319,1734538,     16,   2615,6144442,     30
          11,   2953,  30957,2178180,  22842,     84,     94,      2,    513,7740426
    Class 0
      Precision: 0.9748
      Recall: 0.9112
      F1: 0.9419
      AUC: 0.9874
      AP: 0.8883
      Confusion Matrix:
       7707828, 199047
       751153, 7707740
    Class 1
      Precision: 0.9990
      Recall: 0.9849
      F1: 0.9919
      AUC: 0.9995
      AP: 0.9840
      Confusion Matrix:
       3848834,   3829
        58811, 3855066
    Class 2
      Precision: 0.7893
      Recall: 1.0000
      F1: 0.8823
      AUC: 0.8948
      AP: 0.7893
      Confusion Matrix:
       1444475, 385502
           12, 1445957
    Class 3
      Precision: 0.9640
      Recall: 0.9951
      F1: 0.9793
      AUC: 0.9820
      AP: 0.9593
      Confusion Matrix:
       6143994, 229151
        30435, 6144442
    Class 4
      Precision: 0.9733
      Recall: 0.9971
      F1: 0.9850
      AUC: 0.9866
      AP: 0.9704
      Confusion Matrix:
       7740463, 212650
        22842, 7740426
    Epoch 12: Accuracy: 0.7790, Precision: 0.7593, Recall: 0.7790, F1: 0.7589, Cohen's Kappa: 0.7502, MCC: 0.6827
    Confusion Matrix:
     7738624, 524581, 169319, 127431,1162357,  22501,  25049,   5029, 153952,   5206
      293516,3864212,  30502,   8947, 354459,  23129, 117852,  50600,  28860, 188401
         217,  12568,1450246,   4426,  58698,   2454,  16144,  44959, 185266,  86699
         811, 727328, 159718,6168541,   2677, 308699,   2339, 130574,   3942, 413910
       23770,1949700,    392,  11044,7771389,  42259,   2705,   1159,  70744, 102948
        1410,  10977, 114202, 478563,   1571,7738536,    107,   3979,1582972,   1619
         206,   8826,1046399,   1624,    165,  15902,3870468,   6512,  17692,    715
        5343,   1283, 149115,   5700,   2959,   3076, 130357,1451734,    355, 113665
      249896, 333888, 446900,  43382,    494, 100477, 517943,    889,6168991,  56256
     1565036,   6159,   5088,   6221,   8131,   3393, 579612,  28913,   2157,7771352
    Class 0
      Precision: 0.9971
      Recall: 0.9998
      F1: 0.9985
      AUC: 0.9986
      AP: 0.9969
      Confusion Matrix:
       7738624,  22501
         1410, 7738536
    Class 1
      Precision: 0.9704
      Recall: 0.9977
      F1: 0.9839
      AUC: 0.9852
      AP: 0.9682
      Confusion Matrix:
       3864212, 117852
         8826, 3870468
    Class 2
      Precision: 0.9699
      Recall: 0.9068
      F1: 0.9373
      AUC: 0.9850
      AP: 0.8795
      Confusion Matrix:
       1450246,  44959
       149115, 1451734
    Class 3
      Precision: 0.9994
      Recall: 0.9930
      F1: 0.9962
      AUC: 0.9997
      AP: 0.9924
      Confusion Matrix:
       6168541,   3942
        43382, 6168991
    Class 4
      Precision: 0.9869
      Recall: 0.9990
      F1: 0.9929
      AUC: 0.9935
      AP: 0.9859
      Confusion Matrix:
       7771389, 102948
         8131, 7771352
    Epoch 13: Accuracy: 0.7823, Precision: 0.7453, Recall: 0.7823, F1: 0.7404, Cohen's Kappa: 0.7550, MCC: 0.6723
    Confusion Matrix:
     7771406,  24877,1807031,   8949,  36958,      3,      3, 183125, 101141,    556
        7682,3880581, 206694,    736,   3176,    203,    144, 860504,    482,    276
      281667,   1220,1456389,  45791,   1026,   3888,  40238,  26681,   1701,   3076
         152,  31753,    570,6194673,   2579,  68263, 122562,1490635,    114,   7238
       35433,   1372, 797081,     86,7804310,     10, 289212,   1057,   8366,1039183
         777,1482530,  27524,    291, 634874,7771318,   3997,  10998,   1421,    206
      741506,  79835,    329,     54,  40689,     37,3886864,  10389,   6459, 202347
      172252,    450,   6720,  67419,  17290,   1193, 137538,1457884,    398,   2443
       68391,  46867, 620678, 252039,  56249, 138304,  54990, 165228,6195124, 321246
      800412,  27136, 117886, 200248, 207323, 276733, 312150, 186271,  43630,7804273
    Class 0
      Precision: 1.0000
      Recall: 0.9999
      F1: 0.9999
      AUC: 1.0000
      AP: 0.9999
      Confusion Matrix:
       7771406,      3
          777, 7771318
    Class 1
      Precision: 1.0000
      Recall: 0.9798
      F1: 0.9898
      AUC: 1.0000
      AP: 0.9798
      Confusion Matrix:
       3880581,    144
        79835, 3886864
    Class 2
      Precision: 0.9820
      Recall: 0.9954
      F1: 0.9887
      AUC: 0.9910
      AP: 0.9775
      Confusion Matrix:
       1456389,  26681
         6720, 1457884
    Class 3
      Precision: 1.0000
      Recall: 0.9609
      F1: 0.9801
      AUC: 1.0000
      AP: 0.9609
      Confusion Matrix:
       6194673,    114
       252039, 6195124
    Class 4
      Precision: 0.8825
      Recall: 0.9741
      F1: 0.9260
      AUC: 0.9412
      AP: 0.8597
      Confusion Matrix:
       7804310, 1039183
       207323, 7804273
    Epoch 14: Accuracy: 0.7854, Precision: 0.8007, Recall: 0.7854, F1: 0.7905, Cohen's Kappa: 0.7559, MCC: 0.7398
    Confusion Matrix:
     7802202,    729,    289,    537, 776251,1045417,     84, 236538,  71880,    122
       39897,3895959,   5714, 223750,    672,  12827,   1095,    138, 776932,   3494
        7937,  31208,1462161,    652,   1418, 194026,    104,  99015,  60257,   4899
        1140,   1385,  19104,6219220, 202510,    470,   4683, 168245,   2681,1299101
        3307, 118741,     32,     73,7835236,1334383,    372,    280, 267280, 416406
      803891, 424312,    279,   1312,   2327,7802113, 707334, 120978,  20308,  51082
     1017873,     48,   2595,    395,  40485,     19,3902266,   2411,   2392,     25
        3077, 126948,   8219, 160852,   5599,   8267,  23972,1463661,   1010,  61982
        2489,  57016,    117,    990,1575885,    953,     58,    247,6219673,  61688
        2029,   8005,    407, 293200,   9482,  54428,  16415, 111054,1645843,7835199
    Class 0
      Precision: 0.8818
      Recall: 0.9066
      F1: 0.8940
      AUC: 0.9409
      AP: 0.7995
      Confusion Matrix:
       7802202, 1045417
       803891, 7802113
    Class 1
      Precision: 0.9997
      Recall: 1.0000
      F1: 0.9999
      AUC: 0.9999
      AP: 0.9997
      Confusion Matrix:
       3895959,   1095
           48, 3902266
    Class 2
      Precision: 0.9366
      Recall: 0.9944
      F1: 0.9646
      AUC: 0.9683
      AP: 0.9313
      Confusion Matrix:
       1462161,  99015
         8219, 1463661
    Class 3
      Precision: 0.9996
      Recall: 0.9998
      F1: 0.9997
      AUC: 0.9998
      AP: 0.9994
      Confusion Matrix:
       6219220,   2681
          990, 6219673
    Class 4
      Precision: 0.9495
      Recall: 0.9988
      F1: 0.9735
      AUC: 0.9748
      AP: 0.9484
      Confusion Matrix:
       7835236, 416406
         9482, 7835199
    Epoch 15: Accuracy: 0.7859, Precision: 0.7526, Recall: 0.7859, F1: 0.7530, Cohen's Kappa: 0.7584, MCC: 0.6173
    Confusion Matrix:
     7807169, 301697,    401,  60945,    123,   1967,   2297,1739970,   9096,  10384
        5109,3898439,    222, 187444,   1591,   1144,  45643,   1713,  10015, 809158
       15554,     99,1463091,    551,    692,  16686,     21, 192221,  17121, 155641
         156,      1, 207282,6223179,   1424, 303399, 293363, 866385,  22325,   1025
     1275065,   6133, 842725,      3,7840224,    296,      2,   2769,    749,   8144
       84264, 254095,  85925, 168670, 923199,7807080,  10933, 578449,   6431,  14890
      521439,  25079,  13824, 104106, 113052,   2687,3904751,   8295, 235899,  39377
       54829, 176947,    138,  23494, 125560,    152,   5954,1464593,   9853,   2067
       14261, 631911, 305839,   3573,    620, 670069,    368,  67206,6223633,   1636
         536,     17,   1071,   4116,    845,   3762,    217,     37,2125274,7840187
    Class 0
      Precision: 0.9997
      Recall: 0.9893
      F1: 0.9945
      AUC: 0.9999
      AP: 0.9891
      Confusion Matrix:
       7807169,   1967
        84264, 7807080
    Class 1
      Precision: 0.9884
      Recall: 0.9936
      F1: 0.9910
      AUC: 0.9942
      AP: 0.9821
      Confusion Matrix:
       3898439,  45643
        25079, 3904751
    Class 2
      Precision: 0.8839
      Recall: 0.9999
      F1: 0.9383
      AUC: 0.9420
      AP: 0.8838
      Confusion Matrix:
       1463091, 192221
          138, 1464593
    Class 3
      Precision: 0.9964
      Recall: 0.9994
      F1: 0.9979
      AUC: 0.9982
      AP: 0.9959
      Confusion Matrix:
       6223179,  22325
         3573, 6223633
    Class 4
      Precision: 0.9990
      Recall: 0.9999
      F1: 0.9994
      AUC: 0.9995
      AP: 0.9989
      Confusion Matrix:
       7840224,   8144
          845, 7840187
    Epoch 16: Accuracy: 0.7900, Precision: 0.7580, Recall: 0.7900, F1: 0.7638, Cohen's Kappa: 0.7625, MCC: 0.6584
    Confusion Matrix:
     7847898,   8432,    303,  19367,   3598,   1032,1470148,   5232, 564264,  13775
         380,3918777, 687035, 107545, 206662,   1918,   4806,   1572,  27421,   4362
        3497,   9042,1470724,     65,  15479, 360465,      8,      5,    424,   1968
        2330,  11498,  65094,6255645,  17604,    800,   1285,   1671,1436753, 125859
      872362,  19295, 204578, 133247,7881126, 632687,   3581, 152409,  14868,  61957
      452639,   7377,   6617, 209506, 221223,7847809,  41579,   4361, 675350, 467475
           1,     17,    145, 127782, 552468,     10,3925122,    274,   1781, 360909
        4247,   2386,  43297,   1458, 242646,  14316,  64081,1472233,  13217,   5706
       20741, 146714,  12074, 215691,    320,  56961,   1786,1208671,6256101,     57
      114563, 166118,  14275,  75649,   9029, 163107,  41768, 852323, 658142,7881088
    Class 0
      Precision: 0.9999
      Recall: 0.9455
      F1: 0.9719
      AUC: 0.9999
      AP: 0.9453
      Confusion Matrix:
       7847898,   1032
       452639, 7847809
    Class 1
      Precision: 0.9988
      Recall: 1.0000
      F1: 0.9994
      AUC: 0.9994
      AP: 0.9988
      Confusion Matrix:
       3918777,   4806
           17, 3925122
    Class 2
      Precision: 1.0000
      Recall: 0.9714
      F1: 0.9855
      AUC: 1.0000
      AP: 0.9714
      Confusion Matrix:
       1470724,      5
        43297, 1472233
    Class 3
      Precision: 0.8132
      Recall: 0.9667
      F1: 0.8833
      AUC: 0.9066
      AP: 0.7861
      Confusion Matrix:
       6255645, 1436753
       215691, 6256101
    Class 4
      Precision: 0.9922
      Recall: 0.9989
      F1: 0.9955
      AUC: 0.9961
      AP: 0.9911
      Confusion Matrix:
       7881126,  61957
         9029, 7881088
    Epoch 17: Accuracy: 0.7916, Precision: 0.7866, Recall: 0.7916, F1: 0.7867, Cohen's Kappa: 0.7633, MCC: 0.7888
    Confusion Matrix:
     7863793, 376898, 179651,    247,  22429, 173930,  16366,  46751, 112407,1141577
        1576,3926714,     69,    476,    102,    455, 646578,  12324, 372178,      6
       17407, 294839,1473703,   1679,  15985,  31073,    731,    315,  25230,    715
        1146,    993,   1331,6268315, 102614,  24740,     45,    283,1507325,  11747
     1903604,  33818,  10467,   5850,7897088,   7931,  24534,    520,  88717,   3581
        2126, 171016,    211, 110920, 825604,7863703, 356328, 603281,    152,    595
        1241, 293986,   7960,   2217, 287653,  42234,3933071,    108,  78830, 321209
       11570,   1167, 143825,   3049,    150,    526,  47595,1475215, 178619,   1871
          15,   2325,   9503,     24, 431273, 354752, 184738,   9174,6268772, 658540
       25368, 284851,   2987,  70102,1508391,  45342,  10187,  55867,  75917,7897050
    Class 0
      Precision: 0.9784
      Recall: 0.9997
      F1: 0.9889
      AUC: 0.9892
      AP: 0.9781
      Confusion Matrix:
       7863793, 173930
         2126, 7863703
    Class 1
      Precision: 0.8586
      Recall: 0.9303
      F1: 0.8930
      AUC: 0.9294
      AP: 0.7988
      Confusion Matrix:
       3926714, 646578
       293986, 3933071
    Class 2
      Precision: 0.9998
      Recall: 0.9111
      F1: 0.9534
      AUC: 0.9999
      AP: 0.9109
      Confusion Matrix:
       1473703,    315
       143825, 1475215
    Class 3
      Precision: 0.8061
      Recall: 1.0000
      F1: 0.8927
      AUC: 0.9031
      AP: 0.8061
      Confusion Matrix:
       6268315, 1507325
           24, 6268772
    Class 4
      Precision: 0.9995
      Recall: 0.8396
      F1: 0.9126
      AUC: 0.9998
      AP: 0.8392
      Confusion Matrix:
       7897088,   3581
       1508391, 7897050
    Epoch 18: Accuracy: 0.7932, Precision: 0.7569, Recall: 0.7932, F1: 0.7642, Cohen's Kappa: 0.7663, MCC: 0.6473
    Confusion Matrix:
     7879687,     90,   9242,    983,    432,1453972,   1157, 587294,    484,    708
       15614,3934651, 818491,   7168,   1109,    104,     45, 108349,  74173,    774
      239293,  92428,1476682,  22743,  12582,    121,    458,   1678,  13019,   2673
       93037, 282068,    243,6280985,   5729,   2653,   1793,    119,1251777,    135
         838,     66, 235694, 907775,7913050, 133183,  10318, 537081, 236724,   1381
        2039,    258,    580,1188919,   9579,7879598, 843446,     30,   4704,   4783
        4449, 169101, 622288,  10743,   7002,  46341,3941021, 155414,   7932,   4218
      279186,  83689,    159,    188,   3353,  15864,    112,1478197,   1119,   1720
      341370,     45,   3399, 967395,    132,   1159, 295605,    431,6281442,  28138
      722935,   6366,    145,   1041,     84, 378548, 941704,     12,  12215,7913012
    Class 0
      Precision: 0.8442
      Recall: 0.9997
      F1: 0.9154
      AUC: 0.9221
      AP: 0.8440
      Confusion Matrix:
       7879687, 1453972
         2039, 7879598
    Class 1
      Precision: 1.0000
      Recall: 0.9588
      F1: 0.9790
      AUC: 1.0000
      AP: 0.9588
      Confusion Matrix:
       3934651,     45
       169101, 3941021
    Class 2
      Precision: 0.9989
      Recall: 0.9999
      F1: 0.9994
      AUC: 0.9994
      AP: 0.9988
      Confusion Matrix:
       1476682,   1678
          159, 1478197
    Class 3
      Precision: 0.8338
      Recall: 0.8665
      F1: 0.8499
      AUC: 0.9169
      AP: 0.7225
      Confusion Matrix:
       6280985, 1251777
       967395, 6281442
    Class 4
      Precision: 0.9998
      Recall: 1.0000
      F1: 0.9999
      AUC: 0.9999
      AP: 0.9998
      Confusion Matrix:
       7913050,   1381
           84, 7913012
    Epoch 19: Accuracy: 0.7990, Precision: 0.7608, Recall: 0.7990, F1: 0.7589, Cohen's Kappa: 0.7737, MCC: 0.7775
    Confusion Matrix:
     7937305,     22,  23805, 755505,    307,  18409,  11213,1158682,  20904,   7897
      519918,3963421, 345270,    877,   5545,   1418,  57399,    406,  56449,   9775
      163667,   1035,1487479,  10681, 105521,  36766,   3102,  49259,   3773,    394
       71804, 782346, 521782,6326912,   3563,  47402,  23525,  69779,  64550,   6876
        2768,   2151,1279668,  27231,7970911, 117742,   3614, 402745, 135588,  33692
       17814,  20440,1874598,    807,   7341,7937214,  10447,   9297,  52505,   3473
       39617,  54892,   2941,    307,   5362,     93,3969838, 197167, 698098,    194
      230730,   5967,     32,    989,   3730, 109896,  13764,1489006,    548,   8925
           7,     65,   3985,   1251,   4465, 405091,1172355,      9,6327373,   4515
     1243460,  47724,  57185, 312517, 293224,    144,   1937,  39938,   9060,7970873
    Class 0
      Precision: 0.9977
      Recall: 0.9978
      F1: 0.9977
      AUC: 0.9988
      AP: 0.9955
      Confusion Matrix:
       7937305,  18409
        17814, 7937214
    Class 1
      Precision: 0.9857
      Recall: 0.9863
      F1: 0.9860
      AUC: 0.9929
      AP: 0.9723
      Confusion Matrix:
       3963421,  57399
        54892, 3969838
    Class 2
      Precision: 0.9679
      Recall: 1.0000
      F1: 0.9837
      AUC: 0.9840
      AP: 0.9679
      Confusion Matrix:
       1487479,  49259
           32, 1489006
    Class 3
      Precision: 0.9899
      Recall: 0.9998
      F1: 0.9948
      AUC: 0.9950
      AP: 0.9897
      Confusion Matrix:
       6326912,  64550
         1251, 6327373
    Class 4
      Precision: 0.9958
      Recall: 0.9645
      F1: 0.9799
      AUC: 0.9979
      AP: 0.9605
      Confusion Matrix:
       7970911,  33692
       293224, 7970873
    Epoch 20: Accuracy: 0.8000, Precision: 0.7826, Recall: 0.8000, F1: 0.7758, Cohen's Kappa: 0.7738, MCC: 0.6488
    Confusion Matrix:
     7947239,  60755,   5782,   7704,   6683, 527257, 204677,1042949, 129474,   1529
        8385,3968382,    580,  68908,    345, 846253,   1612,  63057,   2324,    632
      295917,     42,1489341,   3205,    700,   1179,   7903,    682,  60298,   2410
        1259,   4235,   9258,6334831,1494203,     15,     69,  24455,  49986,    228
        3196,  15453,    264, 103075,7980888,1600543,   1848, 235764,  34011,   1068
      730074, 334235,    439,  17338,  16618,7947148,  45176,   3215,   4342, 835351
       69440,  47706, 316822,  19091,   8616,   8296,3974807, 456709,   1387,  65635
         485,     99,    789,  50204, 239158,   4682,  76458,1490869,    755,     88
      134734, 123192, 620889, 297762,   9025, 374103,   7021,  12042,6335292,   5056
        1223,  27773,   4176,  86457,   6158,  77196,    460,1777012,  14758,7980849
    Class 0
      Precision: 0.9378
      Recall: 0.9159
      F1: 0.9267
      AUC: 0.9689
      AP: 0.8589
      Confusion Matrix:
       7947239, 527257
       730074, 7947148
    Class 1
      Precision: 0.9996
      Recall: 0.9881
      F1: 0.9938
      AUC: 0.9998
      AP: 0.9877
      Confusion Matrix:
       3968382,   1612
        47706, 3974807
    Class 2
      Precision: 0.9995
      Recall: 0.9995
      F1: 0.9995
      AUC: 0.9998
      AP: 0.9990
      Confusion Matrix:
       1489341,    682
          789, 1490869
    Class 3
      Precision: 0.9922
      Recall: 0.9551
      F1: 0.9733
      AUC: 0.9961
      AP: 0.9476
      Confusion Matrix:
       6334831,  49986
       297762, 6335292
    Class 4
      Precision: 0.9999
      Recall: 0.9992
      F1: 0.9995
      AUC: 0.9999
      AP: 0.9991
      Confusion Matrix:
       7980888,   1068
         6158, 7980849