Ablation Type: no_weight_proj
==================================================
Epoch Results:
    Epoch 1: Accuracy: 0.3500, Precision: 0.4680, Recall: 0.3500, F1: 0.3636, Cohen's Kappa: 0.2840, MCC: 0.3177
    Confusion Matrix:
     3476917, 116415,   4918,  17245,  83478,1538299,3321240,1347679,   3728,  24130
      111016,1736167,  72213, 138299, 297460,1140512,1441764,   6787,   4400,  11860
        4925, 139898, 651586, 119898,  51535,  94756,   7431,    401, 789130,   2117
     1167209,    412, 486923,2771488,   2019, 335565,1818471,1272125,  11040,  53287
       46325,   1467,  51260,3237777,3491638,1419062,  87336, 181084,1441897,  18264
        4851,1663681,  23908, 233900,   2690,3476877, 454622,4058882,  10483,   4042
         505, 134305,     69,  89752, 186344,   2279,1738978,  16832,2799419,     26
         106,  19498,   3733,   2684,    211, 397359,      8, 652255, 787128,    605
        1752,   8738,  39059, 718703, 421796,    453,  90380,3864532,2771690,   2013
       76311, 245975,  16643,  90765,   8382,  27414, 850969,5162065,   5917,3491621
    Class 0
      Precision: 0.6933
      Recall: 0.9986
      F1: 0.8184
      AUC: 0.8466
      AP: 0.6923
      Confusion Matrix:
       3476917, 1538299
         4851, 3476877
    Class 1
      Precision: 0.5463
      Recall: 0.9282
      F1: 0.6878
      AUC: 0.7734
      AP: 0.5071
      Confusion Matrix:
       1736167, 1441764
       134305, 1738978
    Class 2
      Precision: 0.9994
      Recall: 0.9943
      F1: 0.9968
      AUC: 0.9997
      AP: 0.9937
      Confusion Matrix:
       651586,    401
         3733, 652255
    Class 3
      Precision: 0.9960
      Recall: 0.7941
      F1: 0.8837
      AUC: 0.9980
      AP: 0.7909
      Confusion Matrix:
       2771488,  11040
       718703, 2771690
    Class 4
      Precision: 0.9948
      Recall: 0.9976
      F1: 0.9962
      AUC: 0.9974
      AP: 0.9924
      Confusion Matrix:
       3491638,  18264
         8382, 3491621
    Epoch 2: Accuracy: 0.3545, Precision: 0.4151, Recall: 0.3545, F1: 0.3600, Cohen's Kappa: 0.2713, MCC: 0.3311
    Confusion Matrix:
     3521620,  15680,  46928,   1707,5859311,    344, 157946,  12794,   2042, 315677
        6928,1758489,  25328, 496481,   6686,2639954,   2338,   2681,  16415,   5178
          93, 181800, 659964,      8,     39,      1,      1,      6, 162257, 857508
      832215,3433788,   2474,2807122, 312713, 165270, 176442,    142, 180015,   8358
         253,    371, 241341,   1441,3536530,  32443,  10458, 861991,2739270,2552012
          99,     65,6411554,     36,    325,3521580,    103,    117,     40,     17
      491702,  36987,   7675, 189194, 595759,   6215,1761336,  47125,   1098,1831418
        5997,    982, 503786,   2540,    437,    214, 490260, 660641,  87711, 111019
      774587,  45068, 148197,   1427,    428, 135502, 203168,  20159,2807326,3783254
     2314685,   1620,  36379,    145,2655865,   2167,   8424,    229,1420035,3536513
    Class 0
      Precision: 0.9999
      Recall: 1.0000
      F1: 0.9999
      AUC: 1.0000
      AP: 0.9999
      Confusion Matrix:
       3521620,    344
           99, 3521580
    Class 1
      Precision: 0.9987
      Recall: 0.9794
      F1: 0.9889
      AUC: 0.9993
      AP: 0.9781
      Confusion Matrix:
       1758489,   2338
        36987, 1761336
    Class 2
      Precision: 1.0000
      Recall: 0.5671
      F1: 0.7238
      AUC: 1.0000
      AP: 0.5671
      Confusion Matrix:
       659964,      6
       503786, 660641
    Class 3
      Precision: 0.9397
      Recall: 0.9995
      F1: 0.9687
      AUC: 0.9699
      AP: 0.9393
      Confusion Matrix:
       2807122, 180015
         1427, 2807326
    Class 4
      Precision: 0.5809
      Recall: 0.5711
      F1: 0.5759
      AUC: 0.7904
      AP: 0.3317
      Confusion Matrix:
       3536530, 2552012
       2655865, 3536513
    Epoch 3: Accuracy: 0.3573, Precision: 0.4204, Recall: 0.3573, F1: 0.3571, Cohen's Kappa: 0.2817, MCC: 0.3533
    Confusion Matrix:
     3549435,2460549,  20041,1916264,  13384,  32720,1923600,   3494,    773,  13789
        4212,1772378,2722128,   5272, 215724,  62661, 169700,   5240,   2727,    436
         699,     79, 665177, 177339,    659,    419,  29066,   1334,     38, 986867
      612234,      5, 826549,2829293,    614,    123,  17307,    392,   3755,3628267
         347, 281941,  10880,2789868,3564464,    715,    767,   2114,3247672,  77342
        1243,  86701,   4159, 788880,   4322,3549395,1330318,   2627,  27616,4138675
       49297, 143073,  92379, 158478, 528083,1063553,1775248, 851618,    182, 306598
         329,      6,  57921, 967878,      5,  98621,      4, 665859,  56491,  16473
        4297, 969547, 289080,1085895,  60662,2633532,   7407,  16173,2829500,  23023
           1,    466,5057874,1150785,      5,   2671,   5884, 193904,     26,3564446
    Class 0
      Precision: 0.9909
      Recall: 0.9996
      F1: 0.9952
      AUC: 0.9954
      AP: 0.9905
      Confusion Matrix:
       3549435,  32720
         1243, 3549395
    Class 1
      Precision: 0.9126
      Recall: 0.9253
      F1: 0.9189
      AUC: 0.9564
      AP: 0.8445
      Confusion Matrix:
       1772378, 169700
       143073, 1775248
    Class 2
      Precision: 0.9980
      Recall: 0.9199
      F1: 0.9574
      AUC: 0.9990
      AP: 0.9181
      Confusion Matrix:
       665177,   1334
        57921, 665859
    Class 3
      Precision: 0.9987
      Recall: 0.7226
      F1: 0.8385
      AUC: 0.9993
      AP: 0.7217
      Confusion Matrix:
       2829293,   3755
       1085895, 2829500
    Class 4
      Precision: 0.9788
      Recall: 1.0000
      F1: 0.9893
      AUC: 0.9894
      AP: 0.9788
      Confusion Matrix:
       3564464,  77342
            5, 3564446
    Epoch 4: Accuracy: 0.3598, Precision: 0.3761, Recall: 0.3598, F1: 0.3399, Cohen's Kappa: 0.2898, MCC: 0.3575
    Confusion Matrix:
     3574270,   9714,2529482, 407533,1058311,  12883,  28313,  57351, 114196,2141996
      128464,1784779,   1755,    133,   1553,  30530,   2596,2719680,  62415, 228573
       54458,  57976, 669831, 776289,  29862,  43212,   8032, 163623,  20703,  37691
        4927,  10354, 652168,2849090,  93369,3259520,  16271,  65845, 911266,  55729
        1300,4421248, 162559,     96,3589404,    558,    518, 614621,1185192,    614
       82647,   5546,  66164,  53351,2208627,3574230,  15009,1916846,2009764,   1752
     2969319,  63768,  36646,  60055,   2030,    154,1787669,  48547,      6,    315
       25473,  14027, 576826,  33930,   5139, 369596, 114489, 670518,   6793,  46796
      359794,  30614,3247229, 197636, 113742,  95809, 774476, 247310,2849297,   3209
       14162,   1565,   2199, 125890,   1517, 173821,6062463,    294,   4764,3589387
    Class 0
      Precision: 0.9964
      Recall: 0.9774
      F1: 0.9868
      AUC: 0.9982
      AP: 0.9739
      Confusion Matrix:
       3574270,  12883
        82647, 3574230
    Class 1
      Precision: 0.9985
      Recall: 0.9655
      F1: 0.9817
      AUC: 0.9993
      AP: 0.9641
      Confusion Matrix:
       1784779,   2596
        63768, 1787669
    Class 2
      Precision: 0.8037
      Recall: 0.5373
      F1: 0.6440
      AUC: 0.9019
      AP: 0.4318
      Confusion Matrix:
       669831, 163623
       576826, 670518
    Class 3
      Precision: 0.7577
      Recall: 0.9351
      F1: 0.8371
      AUC: 0.8788
      AP: 0.7085
      Confusion Matrix:
       2849090, 911266
       197636, 2849297
    Class 4
      Precision: 0.9998
      Recall: 0.9996
      F1: 0.9997
      AUC: 0.9999
      AP: 0.9994
      Confusion Matrix:
       3589404,    614
         1517, 3589387
    Epoch 5: Accuracy: 0.3631, Precision: 0.4167, Recall: 0.3631, F1: 0.3664, Cohen's Kappa: 0.2787, MCC: 0.3675
    Confusion Matrix:
     3607053,  16596,   6748,1937007,  11963, 115574, 481313,  57057,  42642,3658096
       25031,1801149,   5545,   5076,1947577,   4255,1137326,   7094,   7517,  19908
      525130,  24477, 675974,  87617,  80282,  32435,  13353, 200065, 218074,   4270
     3885851, 270367, 371574,2875221, 299946,  65859,  18567, 110803,  18080,   2271
        2674,   3428,  11706,1317113,3622325, 101453,1030664,   2687, 262619,3621441
     3963300, 244525,  57063, 155179,  27674,3607012,1558197, 253605,  61687,   5694
      448163,    155,1751628,   1786,   1560,    226,1804065,    250,     35, 960641
        7423, 775869,   2788,   6053,   8100,   3128, 374835, 676668,   1656,   7067
       11316,  12581,1495002,  48482,2642708,  28101, 113250, 251100,2875431, 441145
     3343206,1531591,   6947, 354942,  29535,   2671, 163572,  11362, 909928,3622308
    Class 0
      Precision: 0.9690
      Recall: 0.4765
      F1: 0.6388
      AUC: 0.9845
      AP: 0.4617
      Confusion Matrix:
       3607053, 115574
       3963300, 3607012
    Class 1
      Precision: 0.6130
      Recall: 0.9999
      F1: 0.7600
      AUC: 0.8067
      AP: 0.6129
      Confusion Matrix:
       1801149, 1137326
          155, 1804065
    Class 2
      Precision: 0.7716
      Recall: 0.9959
      F1: 0.8695
      AUC: 0.8859
      AP: 0.7685
      Confusion Matrix:
       675974, 200065
         2788, 676668
    Class 3
      Precision: 0.9938
      Recall: 0.9834
      F1: 0.9886
      AUC: 0.9969
      AP: 0.9773
      Confusion Matrix:
       2875221,  18080
        48482, 2875431
    Class 4
      Precision: 0.5001
      Recall: 0.9919
      F1: 0.6649
      AUC: 0.7500
      AP: 0.4960
      Confusion Matrix:
       3622325, 3621441
        29535, 3622308
    Epoch 6: Accuracy: 0.3678, Precision: 0.3924, Recall: 0.3678, F1: 0.3641, Cohen's Kappa: 0.2843, MCC: 0.3594
    Confusion Matrix:
     3653743,   4155,1153678, 213654,  81790, 421417,  10999,   7226, 263427,4123960
       39070,1824463, 853646, 933761, 486712, 106319,  85541, 127985,  13894, 489087
      215426,  14152, 684724,    147,  47364,   8365,   2226,    173, 816465,  72635
         577,  17352,    168,2912438,     95,1852479,2929986,   6685,  19789, 178970
     5114029, 601269, 239647,   2911,3669213,  26927,  87127,   4490, 211323,  19174
      814845,  25206,  22169, 718232,2138815,3653701,   1730,2258128, 300937,    173
     1111271,1414809,   1795,  85400,  76272,  33865,1827417,   9837,  77072, 330771
         689, 580764,   2505,     10,  21640, 554424,  12096, 685427,   5627,    405
     1397944,  19027, 473481,  69450, 691393, 592774,1546795,  25492,2912650, 190110
     5940027,  39640,    554,   6170,   3359,   1033, 315055,    336,    693,3669195
    Class 0
      Precision: 0.8966
      Recall: 0.8177
      F1: 0.8553
      AUC: 0.9483
      AP: 0.7331
      Confusion Matrix:
       3653743, 421417
       814845, 3653701
    Class 1
      Precision: 0.9552
      Recall: 0.5632
      F1: 0.7086
      AUC: 0.9776
      AP: 0.5380
      Confusion Matrix:
       1824463,  85541
       1414809, 1827417
    Class 2
      Precision: 0.9997
      Recall: 0.9964
      F1: 0.9980
      AUC: 0.9999
      AP: 0.9961
      Confusion Matrix:
       684724,    173
         2505, 685427
    Class 3
      Precision: 0.9933
      Recall: 0.9767
      F1: 0.9849
      AUC: 0.9966
      AP: 0.9701
      Confusion Matrix:
       2912438,  19789
        69450, 2912650
    Class 4
      Precision: 0.9948
      Recall: 0.9991
      F1: 0.9969
      AUC: 0.9974
      AP: 0.9939
      Confusion Matrix:
       3669213,  19174
         3359, 3669195
    Epoch 7: Accuracy: 0.3723, Precision: 0.4253, Recall: 0.3723, F1: 0.3585, Cohen's Kappa: 0.3023, MCC: 0.3580
    Confusion Matrix:
     3698446,1045832,   3317,  10569,  15215,  13083,4810598, 333605,   1151,   2233
       21464,1846785,    908,      1,      1,     47, 553393,   9149,2520721,   8009
      110499,    605, 693102,   1851,   1022,1000814,   2513,   5413,  42856,   3002
      751299,  35991,  24241,2948072,2707591,  10754, 864949, 515376,  13949,  46317
       23027, 843132,3047183, 297423,3714105,1720070,   1536,  20398, 130996, 178240
      102861, 166761,   1218, 486815,    175,3698404,  16777,5433159,  24397,   3369
        7350,1592130, 464961,  68886, 112316,   6883,1849775,   6007, 850919,   9282
        3949, 299502,  11777,   3507, 313587, 105416, 386753, 693813,  41721,   3562
      150526, 155065, 292792, 109639,3825785,   6002,   6485, 380076,2948286,  44460
       21870,  70258,  68479,1333254,1754959,   2073,2825762,   4178, 181142,3714087
    Class 0
      Precision: 0.9965
      Recall: 0.9729
      F1: 0.9846
      AUC: 0.9982
      AP: 0.9695
      Confusion Matrix:
       3698446,  13083
       102861, 3698404
    Class 1
      Precision: 0.7694
      Recall: 0.5370
      F1: 0.6326
      AUC: 0.8849
      AP: 0.4132
      Confusion Matrix:
       1846785, 553393
       1592130, 1849775
    Class 2
      Precision: 0.9923
      Recall: 0.9833
      F1: 0.9878
      AUC: 0.9961
      AP: 0.9757
      Confusion Matrix:
       693102,   5413
        11777, 693813
    Class 3
      Precision: 0.9953
      Recall: 0.9641
      F1: 0.9795
      AUC: 0.9976
      AP: 0.9596
      Confusion Matrix:
       2948072,  13949
       109639, 2948286
    Class 4
      Precision: 0.9542
      Recall: 0.6791
      F1: 0.7935
      AUC: 0.9771
      AP: 0.6480
      Confusion Matrix:
       3714105, 178240
       1754959, 3714087
    Epoch 8: Accuracy: 0.3776, Precision: 0.4405, Recall: 0.3776, F1: 0.3648, Cohen's Kappa: 0.3064, MCC: 0.3559
    Confusion Matrix:
     3751096,4061004,  45214,   5874,  12413,  15571,  83258, 258383, 177806,1523430
       57228,1873076,1630622,  24117, 567901,  34052,  24792,  12750,   3787, 732153
      540695,   5604, 702969,   5218, 186254,  37638, 254915, 115234,  13069,     81
       10278,   1800,3160702,2990040, 330886,     59,1117945,   2309,  43913, 260607
      405673,  71797, 132927, 243239,3766979,    488,5094966,  39052,  43264, 177725
          71, 656442,     26,   7558,1728117,3751054,     54,3790516,     84,     14
       70010,  88591, 289453,   1215, 432569,  22367,1876108,2166136,  14408,   7652
      394647,   5791,    926, 150634,    462, 352600,   1804, 703690, 131076, 121957
         513,    417,  37923,  68303,3063201,1758459,     21,      5,2990258,     16
       30859,   1276,   2924,   2318,1171558,4890998,  33786,  65907,   9475,3766961
    Class 0
      Precision: 0.9959
      Recall: 1.0000
      F1: 0.9979
      AUC: 0.9979
      AP: 0.9958
      Confusion Matrix:
       3751096,  15571
           71, 3751054
    Class 1
      Precision: 0.9869
      Recall: 0.9548
      F1: 0.9706
      AUC: 0.9935
      AP: 0.9424
      Confusion Matrix:
       1873076,  24792
        88591, 1876108
    Class 2
      Precision: 0.8592
      Recall: 0.9987
      F1: 0.9237
      AUC: 0.9296
      AP: 0.8580
      Confusion Matrix:
       702969, 115234
          926, 703690
    Class 3
      Precision: 0.9855
      Recall: 0.9777
      F1: 0.9816
      AUC: 0.9928
      AP: 0.9635
      Confusion Matrix:
       2990040,  43913
        68303, 2990258
    Class 4
      Precision: 0.9549
      Recall: 0.7628
      F1: 0.8481
      AUC: 0.9775
      AP: 0.7284
      Confusion Matrix:
       3766979, 177725
       1171558, 3766961
    Epoch 9: Accuracy: 0.3789, Precision: 0.4187, Recall: 0.3789, F1: 0.3763, Cohen's Kappa: 0.2994, MCC: 0.3493
    Confusion Matrix:
     3764011, 223510,1968671,1022134, 342417, 912147, 748102,  43961, 891069,  18027
       27532,1879525, 104526,   3985,   6511, 180604,1317218,  39969, 102996,1297612
          27,  12791, 705389,   1164,      1,1036505,   1293, 101575,   2050,    882
         436, 266611,    192,3000334,  98897,3297818,  27843,  54642, 270225, 901541
      411290,  69264,   3500,   7957,3779948,3417091,  13590,   1563, 564300,1707607
        1085,    135,  13439,   4864,    109,3763968,3738243, 808044, 633647, 970402
     1744840, 709595,  41220,  47913,  50836, 294458,1882568, 145114,  46058,   5907
       26347, 143561,    761, 316777, 651915,    972,   1023, 706113,    451,  15667
       67372,  20418,2370069,1089670,    707,   6235,  17645,  79697,3000553,1266750
          39, 186939, 313892,    330,   1473,3913349,     29, 250517,1529565,3779929
    Class 0
      Precision: 0.8049
      Recall: 0.9997
      F1: 0.8918
      AUC: 0.9025
      AP: 0.8047
      Confusion Matrix:
       3764011, 912147
         1085, 3763968
    Class 1
      Precision: 0.5879
      Recall: 0.7259
      F1: 0.6497
      AUC: 0.7942
      AP: 0.4268
      Confusion Matrix:
       1879525, 1317218
       709595, 1882568
    Class 2
      Precision: 0.8741
      Recall: 0.9989
      F1: 0.9324
      AUC: 0.9371
      AP: 0.8732
      Confusion Matrix:
       705389, 101575
          761, 706113
    Class 3
      Precision: 0.9174
      Recall: 0.7336
      F1: 0.8152
      AUC: 0.9587
      AP: 0.6730
      Confusion Matrix:
       3000334, 270225
       1089670, 3000553
    Class 4
      Precision: 0.6888
      Recall: 0.9996
      F1: 0.8156
      AUC: 0.8444
      AP: 0.6886
      Confusion Matrix:
       3779948, 1707607
         1473, 3779929
    Epoch 10: Accuracy: 0.3840, Precision: 0.4493, Recall: 0.3840, F1: 0.3776, Cohen's Kappa: 0.3154, MCC: 0.3604
    Confusion Matrix:
     3814674, 182522,3094831, 218810, 189310, 527333, 162919, 315952, 106607,1321091
          50,1904823, 191565, 464853,  18672,   1253, 395836,  27057,    932,1955437
          17, 342728, 714883,     67, 325702,   1485, 408195,  63397,   4193,   1010
        5205,   7732,1806594,3040718,  15638,  10354,    292, 332832,  52672,2646502
        9633,   6582,5153479,  86815,3830826,   1500,   1187, 153383,  92559, 640146
       62716,2069705, 269897,1600755, 641503,3814631,  65491, 197204, 813973, 398061
         122, 520060,    102,  41643,   1015,   1256,1907907,   2484, 194713,2299207
         172,    223,   1358,  12925,   2904,   1227,   2116, 715617, 161762, 965283
      130259,  70779,   2553,    405, 292643,2542881,  76877,1755218,3040940,   6561
      100526,    284, 116483, 193949, 170046,    385,5275587,  14456, 273539,3830807
    Class 0
      Precision: 0.8786
      Recall: 0.9838
      F1: 0.9282
      AUC: 0.9393
      AP: 0.8643
      Confusion Matrix:
       3814674, 527333
        62716, 3814631
    Class 1
      Precision: 0.8279
      Recall: 0.7855
      F1: 0.8062
      AUC: 0.9141
      AP: 0.6504
      Confusion Matrix:
       1904823, 395836
       520060, 1907907
    Class 2
      Precision: 0.9185
      Recall: 0.9981
      F1: 0.9567
      AUC: 0.9593
      AP: 0.9168
      Confusion Matrix:
       714883,  63397
         1358, 715617
    Class 3
      Precision: 0.9830
      Recall: 0.9999
      F1: 0.9913
      AUC: 0.9915
      AP: 0.9828
      Confusion Matrix:
       3040718,  52672
          405, 3040940
    Class 4
      Precision: 0.8568
      Recall: 0.9575
      F1: 0.9044
      AUC: 0.9284
      AP: 0.8204
      Confusion Matrix:
       3830826, 640146
       170046, 3830807
    Epoch 11: Accuracy: 0.3852, Precision: 0.4025, Recall: 0.3852, F1: 0.3769, Cohen's Kappa: 0.3043, MCC: 0.3715
    Confusion Matrix:
     3826595,1381409,2915883,    944,    604,    541,    177,1649553,    434, 157909
        3112,1910776,   7047, 516783,  21221,1601392, 801183,   2973,  95012,    979
      384015,  28533, 717117,   9276, 102849, 576058,    819,   1213,  40986,    811
     3384740,    922,   4963,3050221, 906085,    600,   4262,   3019,  16234, 547493
      171020,   2360,    488,  37012,3842797, 115220, 126916,   1823,   2302,5676172
        4115, 446638,      1,4411582,  65948,3826552,1178702,    368,     28,      2
     1833633,  48079,  92571,   1880,    598,   5461,1913869,   7172, 142365, 922881
           2,  51875,      1,   8639,      1,     21,1082622, 717853,   2571,      2
        3031,1256129, 557810,   7412,2689250,   3940, 250067,  95603,3050443,   5431
       28794,   5238,    696,   6508,   2279,5940023, 116028,  30457,   3260,3842779
    Class 0
      Precision: 0.9999
      Recall: 0.9989
      F1: 0.9994
      AUC: 0.9999
      AP: 0.9988
      Confusion Matrix:
       3826595,    541
         4115, 3826552
    Class 1
      Precision: 0.7046
      Recall: 0.9755
      F1: 0.8182
      AUC: 0.8525
      AP: 0.6873
      Confusion Matrix:
       1910776, 801183
        48079, 1913869
    Class 2
      Precision: 0.9983
      Recall: 1.0000
      F1: 0.9992
      AUC: 0.9992
      AP: 0.9983
      Confusion Matrix:
       717117,   1213
            1, 717853
    Class 3
      Precision: 0.9947
      Recall: 0.9976
      F1: 0.9961
      AUC: 0.9974
      AP: 0.9923
      Confusion Matrix:
       3050221,  16234
         7412, 3050443
    Class 4
      Precision: 0.4037
      Recall: 0.9994
      F1: 0.5751
      AUC: 0.7018
      AP: 0.4035
      Confusion Matrix:
       3842797, 5676172
         2279, 3842779
    Epoch 12: Accuracy: 0.3893, Precision: 0.3890, Recall: 0.3893, F1: 0.3778, Cohen's Kappa: 0.3114, MCC: 0.3809
    Confusion Matrix:
     3867325, 126048,  91960,3433996, 265242,   4528,   3394,  16768,2108134,  16654
     1175657,1931114,   8549, 874452, 124227, 664004, 129767,  15132,  23560,  14016
      187009,  39451, 724750, 419623,  98363, 178014,  42508,  93462,  10643,  67854
      552816,   2381,  15604,3082687,   1150,  91250,   7374,1270732, 674251,2220294
       98103,   7372, 103096,   2022,3883699,2210319,    547, 732091,2043159, 895702
        6395, 753047, 451706,  22891,   3152,3867281,4525321, 164048,   2110, 137985
       10470,  47320,     77,  78890,  24261, 379220,1934240,1743430,    124, 750477
       40541, 311377, 479876,  99918, 123427,  26117,  14748, 725494,  13038,  29051
       34285, 807840,  81818,1946392,  34632,   1593, 187045,  14396,3082911,1728204
        4354,   6888, 160275,   1267,5893627,    588,   2470,  22890,     23,3883680
    Class 0
      Precision: 0.9988
      Recall: 0.9983
      F1: 0.9986
      AUC: 0.9994
      AP: 0.9972
      Confusion Matrix:
       3867325,   4528
         6395, 3867281
    Class 1
      Precision: 0.9370
      Recall: 0.9761
      F1: 0.9562
      AUC: 0.9686
      AP: 0.9146
      Confusion Matrix:
       1931114, 129767
        47320, 1934240
    Class 2
      Precision: 0.8858
      Recall: 0.6016
      F1: 0.7166
      AUC: 0.9429
      AP: 0.5329
      Confusion Matrix:
       724750,  93462
       479876, 725494
    Class 3
      Precision: 0.8205
      Recall: 0.6130
      F1: 0.7017
      AUC: 0.9103
      AP: 0.5030
      Confusion Matrix:
       3082687, 674251
       1946392, 3082911
    Class 4
      Precision: 0.8126
      Recall: 0.3972
      F1: 0.5336
      AUC: 0.9063
      AP: 0.3228
      Confusion Matrix:
       3883699, 895702
       5893627, 3883680
    Epoch 13: Accuracy: 0.3957, Precision: 0.4098, Recall: 0.3957, F1: 0.3913, Cohen's Kappa: 0.3148, MCC: 0.3975
    Confusion Matrix:
     3930903, 882935,   6922, 988523,    105, 103045,    414,1800951,   4288,2215963
        7227,1962861,1128593,  50462,   1771, 960180,   2846,  13236, 829140,   4162
      754569,  22985, 736665,  14769,  56269,    268,  12097, 148369,  47418,  68268
      183537,1733295, 126505,3133365, 238135,   1455,   1819,  17431, 369404,2113593
     4436734,    102,   7239, 272228,3947546, 626927,    953,   8513,  24945, 650923
        1369,   3326,    204,2062843,1110173,3930858,2739588,  28107,   3926,  53542
       20030,  11848, 117951, 619541,   1917,2182851,1966039,    899,   5232,  42201
         887,  77176,   4976,     18, 758567, 256134,     72, 737421,  28294,     42
         777, 399816,   3567, 113340,   5415,3286863, 512230, 456915,3133594,   6599
     4499133, 492749, 112243,    258,   8154, 809694,  82776,   9401,  14127,3947527
    Class 0
      Precision: 0.9745
      Recall: 0.9997
      F1: 0.9869
      AUC: 0.9872
      AP: 0.9741
      Confusion Matrix:
       3930903, 103045
         1369, 3930858
    Class 1
      Precision: 0.9986
      Recall: 0.9940
      F1: 0.9963
      AUC: 0.9993
      AP: 0.9926
      Confusion Matrix:
       1962861,   2846
        11848, 1966039
    Class 2
      Precision: 0.8324
      Recall: 0.9933
      F1: 0.9057
      AUC: 0.9163
      AP: 0.8268
      Confusion Matrix:
       736665, 148369
         4976, 737421
    Class 3
      Precision: 0.8945
      Recall: 0.9651
      F1: 0.9285
      AUC: 0.9473
      AP: 0.8633
      Confusion Matrix:
       3133365, 369404
       113340, 3133594
    Class 4
      Precision: 0.8584
      Recall: 0.9979
      F1: 0.9230
      AUC: 0.9292
      AP: 0.8567
      Confusion Matrix:
       3947546, 650923
         8154, 3947527
    Epoch 14: Accuracy: 0.3992, Precision: 0.4336, Recall: 0.3992, F1: 0.3802, Cohen's Kappa: 0.3325, MCC: 0.3924
    Confusion Matrix:
     3965672,  35064,   1715, 413628,  23523,2943779,1892605,  28859, 626883,   2321
         846,1980222,   1600,   1218,    739,   1251,2507102, 458185,   9184,    131
      268351,  82571, 743181,  12555, 547731,  99353,  76128,  27494,   1826,   2487
        6470,1072642, 233613,3161080,  36291, 250264,  13717,1020538,2081221,  42703
      325687,2336343,  17769,     31,3982463,    162,    227,3291850,  11831,   9747
       79826,2971995, 105302, 116650, 150713,3965627,   3239,  11127,  75867,2453590
       20177,  35479,   1603, 412498,   1934, 103762,1983428,2231431, 159581,  18616
         899,   5088,   2624,  86870, 920046,     22,  82779, 743943,   1259,  20057
       10149,  22604, 367477,  80666,  15088,4064229,  58129,    816,3161311, 138647
      316039,   6940,3574715, 371179,  90762,  66154,1367806, 123023,  77001,3982443
    Class 0
      Precision: 0.5739
      Recall: 0.9803
      F1: 0.7240
      AUC: 0.7870
      AP: 0.5626
      Confusion Matrix:
       3965672, 2943779
        79826, 3965627
    Class 1
      Precision: 0.4413
      Recall: 0.9824
      F1: 0.6090
      AUC: 0.7208
      AP: 0.4335
      Confusion Matrix:
       1980222, 2507102
        35479, 1983428
    Class 2
      Precision: 0.9643
      Recall: 0.9965
      F1: 0.9801
      AUC: 0.9822
      AP: 0.9609
      Confusion Matrix:
       743181,  27494
         2624, 743943
    Class 3
      Precision: 0.6030
      Recall: 0.9751
      F1: 0.7452
      AUC: 0.8015
      AP: 0.5880
      Confusion Matrix:
       3161080, 2081221
        80666, 3161311
    Class 4
      Precision: 0.9976
      Recall: 0.9777
      F1: 0.9875
      AUC: 0.9988
      AP: 0.9753
      Confusion Matrix:
       3982463,   9747
        90762, 3982443
    Epoch 15: Accuracy: 0.4014, Precision: 0.4838, Recall: 0.4014, F1: 0.4048, Cohen's Kappa: 0.3380, MCC: 0.3814
    Confusion Matrix:
     3987527, 408771,  14283, 846238,   5562, 201754,3170491, 428772, 736928, 133723
        4629,1991135,   8399,    584,   8239,   5510,2007578, 680453,   4814, 249137
       47906,   3736, 747277, 119789, 100568,   2709, 704333,   4876,   6194, 124289
      367375, 405340, 299591,3178501,1656390,   1301,  95717,1567772,   4396, 342156
        9016, 437185,  52558,2227245,4004410,  30963, 141076,3040366,  28016,   5275
       13579,  21757,    695,  29240,  12754,3987481, 365617,4016020,  28583,1458210
         118, 158073,    615,  80362,  48453, 524954,1994359,2159730,   1547,    298
      685806, 142347, 132029,  10574,  11991,     22, 125646, 748043,   7061,     68
       45260,2065152,  29523,  28925, 189138,1101555,  78038,   7137,3178733,1195655
        1699,4553553,  49730, 244377, 859858,   1242,  70614,   1274, 189324,4004391
    Class 0
      Precision: 0.9518
      Recall: 0.9966
      F1: 0.9737
      AUC: 0.9759
      AP: 0.9486
      Confusion Matrix:
       3987527, 201754
        13579, 3987481
    Class 1
      Precision: 0.4979
      Recall: 0.9265
      F1: 0.6477
      AUC: 0.7492
      AP: 0.4613
      Confusion Matrix:
       1991135, 2007578
       158073, 1994359
    Class 2
      Precision: 0.9935
      Recall: 0.8498
      F1: 0.9161
      AUC: 0.9968
      AP: 0.8443
      Confusion Matrix:
       747277,   4876
       132029, 748043
    Class 3
      Precision: 0.9986
      Recall: 0.9910
      F1: 0.9948
      AUC: 0.9993
      AP: 0.9896
      Confusion Matrix:
       3178501,   4396
        28925, 3178733
    Class 4
      Precision: 0.9987
      Recall: 0.8232
      F1: 0.9025
      AUC: 0.9993
      AP: 0.8221
      Confusion Matrix:
       4004410,   5275
       859858, 4004391
    Epoch 16: Accuracy: 0.4054, Precision: 0.4481, Recall: 0.4054, F1: 0.4045, Cohen's Kappa: 0.3300, MCC: 0.3852
    Confusion Matrix:
     4027263, 403049, 580513,4798737,      2, 122480,    781,    130,   1051,     43
         591,2010977, 352806,   9661,   1850,   9314,1187378,   4509,1373017,  10375
       16585,  11479, 754723,   4821,   5589,  10315,  25091, 929304,   2130, 101640
     3596384,   2281,   2920,3210175, 332738,  28807, 106997, 617456,   2518,  18263
     2266232,    335,     63,2069858,4044314,  10990, 372208, 129776,1082248,     86
       28976, 868991, 254307,    168,  97437,4027217,     30,4434606,  13845, 208359
      165122,   1487,   9881,  15102,  34189,2501076,2014233, 209234,   4204,  13981
       15395,   9536,   2705,  27364,   4084,    772,  50954, 755498,    364, 996915
      121157, 173337, 120903, 225878,3783502, 127640,  37782,  63210,3210409,  55298
     4371493,    619, 132759,1088871,     24,  12415,     66, 241410,  84110,4044295
    Class 0
      Precision: 0.9705
      Recall: 0.9929
      F1: 0.9815
      AUC: 0.9852
      AP: 0.9636
      Confusion Matrix:
       4027263, 122480
        28976, 4027217
    Class 1
      Precision: 0.6288
      Recall: 0.9993
      F1: 0.7718
      AUC: 0.8146
      AP: 0.6283
      Confusion Matrix:
       2010977, 1187378
         1487, 2014233
    Class 2
      Precision: 0.4482
      Recall: 0.9964
      F1: 0.6183
      AUC: 0.7242
      AP: 0.4466
      Confusion Matrix:
       754723, 929304
         2705, 755498
    Class 3
      Precision: 0.9992
      Recall: 0.9343
      F1: 0.9656
      AUC: 0.9996
      AP: 0.9335
      Confusion Matrix:
       3210175,   2518
       225878, 3210409
    Class 4
      Precision: 1.0000
      Recall: 1.0000
      F1: 1.0000
      AUC: 1.0000
      AP: 1.0000
      Confusion Matrix:
       4044314,     86
           24, 4044295
    Epoch 17: Accuracy: 0.4090, Precision: 0.4256, Recall: 0.4090, F1: 0.3897, Cohen's Kappa: 0.3384, MCC: 0.4070
    Confusion Matrix:
     4063026,  97797,  10716,5083726,  31596, 508998,  88460,  36656,  12376,    698
       17055,2028835, 443339, 129002,1985332,  11211,  15474,   2590, 325599,   2041
          40,      8, 761425,      1, 846194,     88, 253678,      1,    239,      3
      164915,2531418,   2837,3238682,  22615, 143897, 353988,   6169,1439504,  14514
      325827,  28391, 361668,  35664,4080228,2210776,2579922,  73669, 186957,  93008
         743, 120986,  10039,  17735,4224791,4062979,   1204,1494249,    686,    524
        1465,    150,2922634,     10,   2636,   8035,2032120,    874,    511,     74
         700,    575,  64395, 234080, 332104,  33470,  51274, 762207, 298966,  85816
     3980373,  19835,  31236,  29618,   4162,    506, 496618,  43471,3238918,  74379
        2965, 221268, 120103, 693506,  14016, 515080,   6058,4277335,  45522,4080209
    Class 0
      Precision: 0.8887
      Recall: 0.9998
      F1: 0.9410
      AUC: 0.9443
      AP: 0.8885
      Confusion Matrix:
       4063026, 508998
          743, 4062979
    Class 1
      Precision: 0.9924
      Recall: 0.9999
      F1: 0.9962
      AUC: 0.9962
      AP: 0.9924
      Confusion Matrix:
       2028835,  15474
          150, 2032120
    Class 2
      Precision: 1.0000
      Recall: 0.9220
      F1: 0.9594
      AUC: 1.0000
      AP: 0.9220
      Confusion Matrix:
       761425,      1
        64395, 762207
    Class 3
      Precision: 0.6923
      Recall: 0.9909
      F1: 0.8151
      AUC: 0.8462
      AP: 0.6860
      Confusion Matrix:
       3238682, 1439504
        29618, 3238918
    Class 4
      Precision: 0.9777
      Recall: 0.9966
      F1: 0.9871
      AUC: 0.9889
      AP: 0.9744
      Confusion Matrix:
       4080228,  93008
        14016, 4080209
    Epoch 18: Accuracy: 0.4110, Precision: 0.4652, Recall: 0.4110, F1: 0.3960, Cohen's Kappa: 0.3480, MCC: 0.3867
    Confusion Matrix:
     4082894, 641084,4188276,   2008, 354683,   1966, 524300,  29304,  11950,  97584
         857,2038756,   3292,   5933,  61950,   1099,2218558, 208771,  31763, 389499
       77367,  12683, 765149,  11477, 274456, 320786, 118873,   3176, 260477,  17233
     1896056,  69167, 663163,3254519,1210877,  38619, 645708,  28225,  77262,  34943
       53238, 787758, 291981,   1304,4100181,   3105,4681280,  14888,  10200,  32175
       94110,1024217, 445788,1999750, 130324,4082847,  34921,1969621,  86433,  65925
        2841,  13476, 902748,  90879,  15182,  37422,2042057,1021003, 833237,   9664
        1414, 808792,  66622,    376,  47115,    632, 156535, 765934,    530,  15637
      991065, 427352, 157524,  50840,1690591, 557322,  62888, 521522,3254756, 205256
      837105, 606177,    901,  10064,   3507,   3451,3529606, 651250, 233840,4100161
    Class 0
      Precision: 0.9995
      Recall: 0.9775
      F1: 0.9884
      AUC: 0.9998
      AP: 0.9770
      Confusion Matrix:
       4082894,   1966
        94110, 4082847
    Class 1
      Precision: 0.4789
      Recall: 0.9934
      F1: 0.6462
      AUC: 0.7396
      AP: 0.4757
      Confusion Matrix:
       2038756, 2218558
        13476, 2042057
    Class 2
      Precision: 0.9959
      Recall: 0.9199
      F1: 0.9564
      AUC: 0.9979
      AP: 0.9161
      Confusion Matrix:
       765149,   3176
        66622, 765934
    Class 3
      Precision: 0.9768
      Recall: 0.9846
      F1: 0.9807
      AUC: 0.9884
      AP: 0.9618
      Confusion Matrix:
       3254519,  77262
        50840, 3254756
    Class 4
      Precision: 0.9922
      Recall: 0.9991
      F1: 0.9957
      AUC: 0.9961
      AP: 0.9914
      Confusion Matrix:
       4100181,  32175
         3507, 4100161
    Epoch 19: Accuracy: 0.4163, Precision: 0.4551, Recall: 0.4163, F1: 0.4108, Cohen's Kappa: 0.3467, MCC: 0.4215
    Confusion Matrix:
     4135544, 111810, 719782, 329857, 228961, 612242, 618083, 601217, 243194,2333359
           9,2065046, 162799,2647541,   1773,     11,     30,    124,   7828,  75317
        5122,  12437, 775016, 420731,  36571,  61862, 343528,   4867,    884, 200659
      269562,3786345, 165955,3296487,  86205,    264,    158,    520, 226651,  86392
        3078, 159718, 338020,  11334,4153054,1972516,   6222,  96193,3225593,  10382
         862,   2321,  55604,   2250,    984,4135497,  15859, 120943,5598512,   1104
      334633,1154297, 323064, 492280,  54196,  26788,2068390,   3636, 333491, 177734
        1847,   8694,      9, 151972, 163577, 165082, 596532, 775811,     26,     37
      293144,   2410,4237329,   6255,  20066,  35812,     49,  25438,3296727,   1886
     2147768,2506778,    670, 486930, 588466,      3,   2931,  89468,     14,4153034
    Class 0
      Precision: 0.8710
      Recall: 0.9998
      F1: 0.9310
      AUC: 0.9355
      AP: 0.8709
      Confusion Matrix:
       4135544, 612242
          862, 4135497
    Class 1
      Precision: 1.0000
      Recall: 0.6414
      F1: 0.7816
      AUC: 1.0000
      AP: 0.6414
      Confusion Matrix:
       2065046,     30
       1154297, 2068390
    Class 2
      Precision: 0.9938
      Recall: 1.0000
      F1: 0.9969
      AUC: 0.9969
      AP: 0.9937
      Confusion Matrix:
       775016,   4867
            9, 775811
    Class 3
      Precision: 0.9357
      Recall: 0.9981
      F1: 0.9659
      AUC: 0.9678
      AP: 0.9339
      Confusion Matrix:
       3296487, 226651
         6255, 3296727
    Class 4
      Precision: 0.9975
      Recall: 0.8759
      F1: 0.9328
      AUC: 0.9988
      AP: 0.8737
      Confusion Matrix:
       4153054,  10382
       588466, 4153034
    Epoch 20: Accuracy: 0.4200, Precision: 0.5009, Recall: 0.4200, F1: 0.4296, Cohen's Kappa: 0.3455, MCC: 0.4211
    Confusion Matrix:
     4172300, 280066,  82598,3264185,  20977,  97390, 386377, 349637, 105598,1174921
       17442,2083400,  32211,2241190,   1113,  41257, 332886,  57355,  34072, 119552
      136617, 310222, 781904,  60699, 449990,   6377,  41472,   2179,  26154,  46063
        2989,   7373,4352290,3325786,   1350, 121128,     10, 107564,     11,     38
         190, 197467,    472,1051254,4189966,    109,     78,     66,4162399, 374109
       18524,  14972,  41782,  13816,   8283,4172253, 231153,  11260, 180493,5241400
      380183,  18377, 994490,   9102,  26006,   8762,2086773,  15556,  30126,1399134
       11001,    877,   1716,    663,   2083, 996618,  64727, 782706,    527,   2669
      178900, 179559,   1543,3974624, 123447,   6283,   2422,  98343,3326028,  27967
        4208,    451, 187470,1043149, 418210,3916259,  23296, 184954,   8119,4189946
    Class 0
      Precision: 0.9772
      Recall: 0.9956
      F1: 0.9863
      AUC: 0.9886
      AP: 0.9729
      Confusion Matrix:
       4172300,  97390
        18524, 4172253
    Class 1
      Precision: 0.8622
      Recall: 0.9913
      F1: 0.9223
      AUC: 0.9312
      AP: 0.8547
      Confusion Matrix:
       2083400, 332886
        18377, 2086773
    Class 2
      Precision: 0.9972
      Recall: 0.9978
      F1: 0.9975
      AUC: 0.9986
      AP: 0.9950
      Confusion Matrix:
       781904,   2179
         1716, 782706
    Class 3
      Precision: 1.0000
      Recall: 0.4556
      F1: 0.6260
      AUC: 1.0000
      AP: 0.4556
      Confusion Matrix:
       3325786,     11
       3974624, 3326028
    Class 4
      Precision: 0.9180
      Recall: 0.9092
      F1: 0.9136
      AUC: 0.9590
      AP: 0.8347
      Confusion Matrix:
       4189966, 374109
       418210, 4189946