Ablation Type: cross_entropy
==================================================
Epoch Results:
    Epoch 1: Accuracy: 0.5000, Precision: 0.5070, Recall: 0.5000, F1: 0.4930, Cohen's Kappa: 0.4355, MCC: 0.5077
    Confusion Matrix:
     4967024, 249217,   9252,    971,    270,   6524, 316155,     52,4296103,  88481
      120697,2480239,    322,1222978,   8070,   5647,    312,  14607, 688205, 419401
           4,   1804, 930838, 614670,      1,  52336,      5,     91, 261912,     16
        5051,1770484,  20415,3959269, 333522, 152263,  43154,1122616, 416772,  94993
        1581,1616887, 412827,  20252,4988055,  14678, 255986,   5711,2138654, 521479
      552077,  11941,  26364, 578780,2084663,4966968,1534491,  40409,  23057, 115186
       28376,    457,    267,1146524,   6568,    629,2484254, 306905, 929401,  65128
        5356,   6246,    125,      8, 657027,    394, 226721, 931793,  31144,   4773
        4799,    162, 473706,    622,   3793,2569228,  24343, 338225,3959558, 544680
     1243076, 237146,  33774,2787505, 607029,  12993,  19054,  20979,  26475,4988031
    Class 0
      Precision: 0.9987
      Recall: 0.9000
      F1: 0.9468
      AUC: 0.9993
      AP: 0.8988
      Confusion Matrix:
       4967024,   6524
       552077, 4966968
    Class 1
      Precision: 0.9999
      Recall: 0.9998
      F1: 0.9998
      AUC: 0.9999
      AP: 0.9997
      Confusion Matrix:
       2480239,    312
          457, 2484254
    Class 2
      Precision: 0.9999
      Recall: 0.9999
      F1: 0.9999
      AUC: 1.0000
      AP: 0.9998
      Confusion Matrix:
       930838,     91
          125, 931793
    Class 3
      Precision: 0.9048
      Recall: 0.9998
      F1: 0.9499
      AUC: 0.9524
      AP: 0.9046
      Confusion Matrix:
       3959269, 416772
          622, 3959558
    Class 4
      Precision: 0.9053
      Recall: 0.8915
      F1: 0.8984
      AUC: 0.9527
      AP: 0.8071
      Confusion Matrix:
       4988055, 521479
       607029, 4988031
    Epoch 2: Accuracy: 0.5078, Precision: 0.5053, Recall: 0.5078, F1: 0.4960, Cohen's Kappa: 0.4422, MCC: 0.4970
    Confusion Matrix:
     5044510, 163005,  52328, 189753, 115691, 280193, 108968, 130868, 153506,3695227
        1833,2518930,    143, 323185, 131223, 648134,   1182, 200894, 306607, 828347
      332817,   1859, 945359,    963,    785, 279634,   7606, 151049, 106352,  35253
       31590, 284576,    261,4021034,   2018,3151419,   1624,    428,   2237, 423352
     1281126,   3557,    348, 495934,5065868,   1769, 418731,    757,2705918,   2102
     3014449, 116706, 199853,1233660,    684,5044452,     40,    347, 323413,    332
      784039, 285337,    514,1292071,   2915,     39,2523008,  80465,     53,     68
         129,     82,     55,   1240,     25,     59,   3720, 946329,   1869, 910079
          10,     22,     17,   2453,1010869,  26507, 282776,2330212,4021327, 244923
      210290,  12068,1510992,  13360, 656392, 894552,1381811,  20598, 210155,5065844
    Class 0
      Precision: 0.9474
      Recall: 0.6260
      F1: 0.7538
      AUC: 0.9737
      AP: 0.5930
      Confusion Matrix:
       5044510, 280193
       3014449, 5044452
    Class 1
      Precision: 0.9995
      Recall: 0.8982
      F1: 0.9462
      AUC: 0.9998
      AP: 0.8978
      Confusion Matrix:
       2518930,   1182
       285337, 2523008
    Class 2
      Precision: 0.8622
      Recall: 0.9999
      F1: 0.9260
      AUC: 0.9312
      AP: 0.8622
      Confusion Matrix:
       945359, 151049
           55, 946329
    Class 3
      Precision: 0.9994
      Recall: 0.9994
      F1: 0.9994
      AUC: 0.9997
      AP: 0.9988
      Confusion Matrix:
       4021034,   2237
         2453, 4021327
    Class 4
      Precision: 0.9996
      Recall: 0.8853
      F1: 0.9390
      AUC: 0.9998
      AP: 0.8849
      Confusion Matrix:
       5065868,   2102
       656392, 5065844
    Epoch 3: Accuracy: 0.5170, Precision: 0.5186, Recall: 0.5170, F1: 0.4926, Cohen's Kappa: 0.4595, MCC: 0.5163
    Confusion Matrix:
     5135903,  28245,   1868, 680160,   3100, 314325,1714864,   2032, 709355,1344197
      217394,2564567,  41321, 629536,  46238,  71364,1207720,   3964, 165637,  12737
      181122,    250, 962487,   2199,   7939,   1616, 700199,   1429,    703,   3733
      864687,1620263,   2188,4093884,    760,    252,  18481,  93767,1224166,     91
        2321,  13326,  27109,   7117,5157648,   1217,    614,2215427, 110290,2441041
       38492, 442600,  32018, 128096, 376877,5135844,2883218, 858633,   4986,  33172
      534780,  10330,1783665,      8,    162,    255,2568719,   4346,  66243,      1
      125372,     75, 518228,      9,    972,   1580, 133999, 963474, 119405,    473
      164072, 247814,   5269, 205352,  22988,3103844,  18045,  46246,4094182,  11304
      291007,2451775,  49624,   9627,  30393,  73740,1900060,   2355,   9857,5157624
    Class 0
      Precision: 0.9423
      Recall: 0.9926
      F1: 0.9668
      AUC: 0.9712
      AP: 0.9353
      Confusion Matrix:
       5135903, 314325
        38492, 5135844
    Class 1
      Precision: 0.6798
      Recall: 0.9960
      F1: 0.8081
      AUC: 0.8401
      AP: 0.6771
      Confusion Matrix:
       2564567, 1207720
        10330, 2568719
    Class 2
      Precision: 0.9985
      Recall: 0.6500
      F1: 0.7874
      AUC: 0.9993
      AP: 0.6491
      Confusion Matrix:
       962487,   1429
       518228, 963474
    Class 3
      Precision: 0.7698
      Recall: 0.9522
      F1: 0.8514
      AUC: 0.8849
      AP: 0.7330
      Confusion Matrix:
       4093884, 1224166
       205352, 4094182
    Class 4
      Precision: 0.6788
      Recall: 0.9941
      F1: 0.8067
      AUC: 0.8394
      AP: 0.6748
      Confusion Matrix:
       5157648, 2441041
        30393, 5157624
    Epoch 4: Accuracy: 0.5282, Precision: 0.6468, Recall: 0.5282, F1: 0.5605, Cohen's Kappa: 0.4642, MCC: 0.5213
    Confusion Matrix:
     5247164, 201810,   3398,1466244, 211946, 187665,   3442, 199617, 627097,1785666
         227,2620124,   4159,1847462,    131,     49,     63,    374,  67502, 420387
          25,   1429, 983337,  88102,     53,  17080, 767961,    141,     26,   3523
      196201,3023397, 383404,4182572,  47841,  17764,   1166,    318,  64380,   1496
          50, 509484,   6782,4174608,5269381,     40,     83,  15389,    191,    102
      118034,   7315,   3275,     55, 231325,5247104,   3075,    318,  30298,4293137
       65830,    612,   2145,   6123,2250766,   2003,2624366,  10213,   4461,   1990
       10117,  29122,  84605,   8973,  90350,   5364, 136005, 984346, 139690, 375015
         345,    213,     33,  11710, 242972,   3182,    112,  32387,4182877,3445285
        5351,  19272,  27225,4546824,   1468,   3546,    495, 102448,     78,5269355
    Class 0
      Precision: 0.9655
      Recall: 0.9780
      F1: 0.9717
      AUC: 0.9827
      AP: 0.9442
      Confusion Matrix:
       5247164, 187665
       118034, 5247104
    Class 1
      Precision: 1.0000
      Recall: 0.9998
      F1: 0.9999
      AUC: 1.0000
      AP: 0.9997
      Confusion Matrix:
       2620124,     63
          612, 2624366
    Class 2
      Precision: 0.9999
      Recall: 0.9208
      F1: 0.9587
      AUC: 0.9999
      AP: 0.9206
      Confusion Matrix:
       983337,    141
        84605, 984346
    Class 3
      Precision: 0.9848
      Recall: 0.9972
      F1: 0.9910
      AUC: 0.9924
      AP: 0.9821
      Confusion Matrix:
       4182572,  64380
        11710, 4182877
    Class 4
      Precision: 1.0000
      Recall: 0.9997
      F1: 0.9999
      AUC: 1.0000
      AP: 0.9997
      Confusion Matrix:
       5269381,    102
         1468, 5269355
    Epoch 5: Accuracy: 0.5377, Precision: 0.5564, Recall: 0.5377, F1: 0.5270, Cohen's Kappa: 0.4789, MCC: 0.5469
    Confusion Matrix:
     5341538, 446187,  30262,  24818,  19558,  70779,  13147,   3849,3943021,  40890
         270,2667249, 211302,  46450,   2792, 723783,1218046,   1368,  78407,  10811
          56,     25,1001023,      4,    199,   1529, 207584,    109,    241, 650907
        2079,  38391,   2979,4257798,    584,1355323, 822516,  47895,   1472,1389502
       14757, 265432,  29131,     87,5364154,1138246,   1412, 956524,1889615, 316752
        3648,    572, 756851,   1441,    783,5341477, 437335,   1884,3381886,   8059
         492,    104,2185419,   8039,  12835,     95,2671567,  63494,  26390,     74
        1022,  13209,  72699, 385154, 382756,   4347,    278,1002050,   1669,    403
         181,   2807,1390523, 642269, 703948, 445472,  63566,   1255,4258108, 410987
     3636836,   9289,  12371,    998, 659700,  14420,    708, 250951,  26661,5364128
    Class 0
      Precision: 0.9869
      Recall: 0.9993
      F1: 0.9931
      AUC: 0.9935
      AP: 0.9862
      Confusion Matrix:
       5341538,  70779
         3648, 5341477
    Class 1
      Precision: 0.6865
      Recall: 1.0000
      F1: 0.8141
      AUC: 0.8434
      AP: 0.6865
      Confusion Matrix:
       2667249, 1218046
          104, 2671567
    Class 2
      Precision: 0.9999
      Recall: 0.9323
      F1: 0.9649
      AUC: 0.9999
      AP: 0.9322
      Confusion Matrix:
       1001023,    109
        72699, 1002050
    Class 3
      Precision: 0.9997
      Recall: 0.8689
      F1: 0.9297
      AUC: 0.9998
      AP: 0.8686
      Confusion Matrix:
       4257798,   1472
       642269, 4258108
    Class 4
      Precision: 0.9442
      Recall: 0.8905
      F1: 0.9166
      AUC: 0.9721
      AP: 0.8408
      Confusion Matrix:
       5364154, 316752
       659700, 5364128
    Epoch 6: Accuracy: 0.5447, Precision: 0.6087, Recall: 0.5447, F1: 0.5340, Cohen's Kappa: 0.4954, MCC: 0.5431
    Confusion Matrix:
     5411076,  42477,   3927,    807,4405910,  32190,    159,   7867,    279,  29357
      126499,2701972, 469529,   2012,   2408,  25986,   1409,1525945,  14335,  90383
       88319,  33463,1014055,  11456,  29660, 442479,   8392,  24646,   8616, 200591
        1603,    814,1278301,4313228,      1,1914729,  47027,      8, 125070, 237758
        5581,   5696,   8592,    115,5433987,  97736,     93,4416858,    232,   7220
        1628,3306641,   8528,     21,    325,5411014, 402607, 787497,    276,  15399
       23892,  30272,  48846,  43877,  30961,  69885,2706346,1987728,  22952,   3750
      579671,     54,    532, 179765,   8787,     88,  57110,1015095,   1335,  21150
          79,  23136, 674744,   1690,   2575,   5271,2857648,  10546,4313542,  29885
      130685,  53457, 185742,  42851, 134838,  15949,   5916,3959178,  13486,5433960
    Class 0
      Precision: 0.9941
      Recall: 0.9997
      F1: 0.9969
      AUC: 0.9970
      AP: 0.9938
      Confusion Matrix:
       5411076,  32190
         1628, 5411014
    Class 1
      Precision: 0.9995
      Recall: 0.9889
      F1: 0.9942
      AUC: 0.9997
      AP: 0.9884
      Confusion Matrix:
       2701972,   1409
        30272, 2706346
    Class 2
      Precision: 0.9763
      Recall: 0.9995
      F1: 0.9877
      AUC: 0.9881
      AP: 0.9758
      Confusion Matrix:
       1014055,  24646
          532, 1015095
    Class 3
      Precision: 0.9718
      Recall: 0.9996
      F1: 0.9855
      AUC: 0.9859
      AP: 0.9714
      Confusion Matrix:
       4313228, 125070
         1690, 4313542
    Class 4
      Precision: 0.9987
      Recall: 0.9758
      F1: 0.9871
      AUC: 0.9993
      AP: 0.9745
      Confusion Matrix:
       5433987,   7220
       134838, 5433960
    Epoch 7: Accuracy: 0.5539, Precision: 0.6054, Recall: 0.5539, F1: 0.5614, Cohen's Kappa: 0.4964, MCC: 0.5443
    Confusion Matrix:
     5502469,3869388,  12617, 225231,  17931, 103516,  13995,    517,  42002, 146383
     1947733,2747608,   5440,    461,   4843,  78523,  80440,  59825,  11309,  24296
         616,   8037,1031182,    245, 513160,  21479,  22700, 256270,   1849,   6139
      791819, 112586,   1310,4386078, 380824,2238117,   5207,    160,    308,   2130
        4642, 997885,    894,1884057,5525767,    237,   4465, 556805,   2553, 998805
       13029,3697876,  11398, 285281,   1123,5502407,  74395,   2746, 344536,   1145
       33228,  13580,    249, 616557,1308790, 142937,2752057,    613,    573,  99925
        4715, 141037, 106864,     80,   1829,   7439, 424388,1032240,   2252, 142743
       58927, 189491, 269552,2577914,  75841,  46302, 109628,  94287,4386398, 110776
        2500, 442779,  41739,    830,3247213,  12298,  25990, 489668, 187305,5525740
    Class 0
      Precision: 0.9815
      Recall: 0.9976
      F1: 0.9895
      AUC: 0.9908
      AP: 0.9792
      Confusion Matrix:
       5502469, 103516
        13029, 5502407
    Class 1
      Precision: 0.9716
      Recall: 0.9951
      F1: 0.9832
      AUC: 0.9858
      AP: 0.9668
      Confusion Matrix:
       2747608,  80440
        13580, 2752057
    Class 2
      Precision: 0.8009
      Recall: 0.9061
      F1: 0.8503
      AUC: 0.9006
      AP: 0.7257
      Confusion Matrix:
       1031182, 256270
       106864, 1032240
    Class 3
      Precision: 0.9999
      Recall: 0.6298
      F1: 0.7729
      AUC: 1.0000
      AP: 0.6298
      Confusion Matrix:
       4386078,    308
       2577914, 4386398
    Class 4
      Precision: 0.8469
      Recall: 0.6299
      F1: 0.7224
      AUC: 0.9235
      AP: 0.5334
      Confusion Matrix:
       5525767, 998805
       3247213, 5525740
    Epoch 8: Accuracy: 0.5644, Precision: 0.5889, Recall: 0.5644, F1: 0.5638, Cohen's Kappa: 0.5048, MCC: 0.5882
    Confusion Matrix:
     5606777,  41019, 556816, 290225, 361832, 193743, 937077, 691599, 124963,1129998
     1076588,2799693,   3283,   3459, 160012,   2547,    392, 914458,     45,      1
       70112,  49366,1050730,  18363, 267451, 283971,   6521, 109691,   1826,   3646
        7579,    116,    534,4469223,  81628,3298796,     10,   3565,    283,  56805
     2817994,  61519,    515,    865,5630516,   7276,   3705,  30797,   1599,1421324
         156,    217,    714,    216,2836972,5606713, 132079,  21213,   1486,1334170
      124686,     22, 352588,      2,1680115,     17,2804226,   5923,     43,    887
         158,  20414,     99, 134152,    191,     62, 101151,1051808, 555523,     29
          13,2272740,   2672,     98, 132827, 955938,   5092,  42293,4469549,  37894
       15802, 486611,  31251,  34369,3321375,   9755,  93530, 350421,   2459,5630489
    Class 0
      Precision: 0.9666
      Recall: 1.0000
      F1: 0.9830
      AUC: 0.9833
      AP: 0.9666
      Confusion Matrix:
       5606777, 193743
          156, 5606713
    Class 1
      Precision: 0.9999
      Recall: 1.0000
      F1: 0.9999
      AUC: 0.9999
      AP: 0.9999
      Confusion Matrix:
       2799693,    392
           22, 2804226
    Class 2
      Precision: 0.9055
      Recall: 0.9999
      F1: 0.9503
      AUC: 0.9528
      AP: 0.9054
      Confusion Matrix:
       1050730, 109691
           99, 1051808
    Class 3
      Precision: 0.9999
      Recall: 1.0000
      F1: 1.0000
      AUC: 1.0000
      AP: 0.9999
      Confusion Matrix:
       4469223,    283
           98, 4469549
    Class 4
      Precision: 0.7984
      Recall: 0.6290
      F1: 0.7037
      AUC: 0.8992
      AP: 0.5022
      Confusion Matrix:
       5630516, 1421324
       3321375, 5630489
    Epoch 9: Accuracy: 0.5723, Precision: 0.5916, Recall: 0.5723, F1: 0.5475, Cohen's Kappa: 0.5201, MCC: 0.5863
    Confusion Matrix:
     5685256,    121,    348,  52562,    117,   2293,    108,    703,    712,4191829
        5020,2838881,  15111,  94134, 666796,  35529,  36061,    403,   9477,1259066
       62667,   1935,1065437, 333854,    515,    364,  56138,    690,    669, 339408
         344,1094237,1027081,4531779, 104788,  48876, 906483,  38563,  39322, 127066
      174753, 205320,2312480,   8133,5709327,  43576,  34000,  10884, 315376,1162261
        4333,   3509,   1057,   3858, 110532,5685191,   5251,3874165, 172752,  73288
        1345, 786084,    593,  16998,1073800, 244705,2843477,   1169,    310,     28
      124571,  44792,   4467,   6677, 102431,  60657, 380936,1066530,  12875,  59651
         395,  11852,1497590,   1164,     17, 373366,1374956, 115077,4532110,  12589
      123215, 504432,     34,    216,3191411,    122, 352013,  47094,  48225,5709300
    Class 0
      Precision: 0.9996
      Recall: 0.9992
      F1: 0.9994
      AUC: 0.9998
      AP: 0.9988
      Confusion Matrix:
       5685256,   2293
         4333, 5685191
    Class 1
      Precision: 0.9875
      Recall: 0.7831
      F1: 0.8735
      AUC: 0.9937
      AP: 0.7733
      Confusion Matrix:
       2838881,  36061
       786084, 2843477
    Class 2
      Precision: 0.9994
      Recall: 0.9958
      F1: 0.9976
      AUC: 0.9997
      AP: 0.9952
      Confusion Matrix:
       1065437,    690
         4467, 1066530
    Class 3
      Precision: 0.9914
      Recall: 0.9997
      F1: 0.9956
      AUC: 0.9957
      AP: 0.9911
      Confusion Matrix:
       4531779,  39322
         1164, 4532110
    Class 4
      Precision: 0.8309
      Recall: 0.6414
      F1: 0.7240
      AUC: 0.9154
      AP: 0.5330
      Confusion Matrix:
       5709327, 1162261
       3191411, 5709300
    Epoch 10: Accuracy: 0.5819, Precision: 0.5943, Recall: 0.5819, F1: 0.5761, Cohen's Kappa: 0.5263, MCC: 0.6045
    Confusion Matrix:
     5780623,      8, 428320,    103,2319134,1306170,  52521,      2,    165,  47003
       40410,2886502,  25923, 376786, 150878,  20551,  59844,  62406, 110786,1226392
        5971,   8985,1083309,  23660,  13695,     90,   4932, 313704,  28537, 378794
      602584,    193,    792,4607797,    143, 813618,   4788,   8144,1876087,   4393
      214315,  28529,    259, 110892,5805098, 151258, 362220,   1679,   6305,3295555
       51811,   1192,   5544,  21838,   3068,5780557,1362577,     79,2706881,    389
      841446,  90098,1067935,   5293,  24513,  13244,2891175,   2784,  12830,  19191
       15531,      8, 680061,   2335,  65969,   1094,    814,1084421,    151,  13203
       20348,   1509, 147288, 115622,  40088, 726089,2229095,  15391,4608133,  15553
        4013, 784710,  70913,   7796,2740099,   9615,  15293, 218516, 320037,5805070
    Class 0
      Precision: 0.8157
      Recall: 0.9911
      F1: 0.8949
      AUC: 0.9078
      AP: 0.8084
      Confusion Matrix:
       5780623, 1306170
        51811, 5780557
    Class 1
      Precision: 0.9797
      Recall: 0.9697
      F1: 0.9747
      AUC: 0.9899
      AP: 0.9500
      Confusion Matrix:
       2886502,  59844
        90098, 2891175
    Class 2
      Precision: 0.7754
      Recall: 0.6143
      F1: 0.6856
      AUC: 0.8878
      AP: 0.4764
      Confusion Matrix:
       1083309, 313704
       680061, 1084421
    Class 3
      Precision: 0.7107
      Recall: 0.9755
      F1: 0.8223
      AUC: 0.8553
      AP: 0.6933
      Confusion Matrix:
       4607797, 1876087
       115622, 4608133
    Class 4
      Precision: 0.6379
      Recall: 0.6793
      F1: 0.6580
      AUC: 0.8189
      AP: 0.4333
      Confusion Matrix:
       5805098, 3295555
       2740099, 5805070
    Epoch 11: Accuracy: 0.5910, Precision: 0.6140, Recall: 0.5910, F1: 0.5790, Cohen's Kappa: 0.5406, MCC: 0.5955
    Confusion Matrix:
     5871022, 490167,    740,   5791,2924657, 379702,     99, 247550,   4199,  10122
       12880,2931642, 245285,   9715,  47511,  81717, 325900,    747,1123294, 181787
      465671,  61855,1100251,   5906,  24141,   6699,  58773, 128672,   1637,   8072
      157579,1087533,   4212,4679856, 176087,1694323,  46308,  18170,   5630,  48841
      105553,  45108,   3156, 207945,5895881, 320835, 804122,1805674, 326603, 461233
       63822,   2289,  24348,  22836, 181625,5870956,1593799,   3309,2089365,  81587
     1424120,     32,    982,  59275,   4884,   6860,2936388, 525982,    196,   9790
      423297,  78731,   5149,   3158,     31,   6017, 245352,1101379,     46,    427
      136332, 284360,  82048,  95656,  34541,      2,2605056,    870,4680197,     54
        5475,  21016,   5297,  35167,   1906, 895780,  57680,3055612,   2277,5895852
    Class 0
      Precision: 0.9393
      Recall: 0.9892
      F1: 0.9636
      AUC: 0.9696
      AP: 0.9292
      Confusion Matrix:
       5871022, 379702
        63822, 5870956
    Class 1
      Precision: 0.9000
      Recall: 1.0000
      F1: 0.9473
      AUC: 0.9501
      AP: 0.8999
      Confusion Matrix:
       2931642, 325900
           32, 2936388
    Class 2
      Precision: 0.8953
      Recall: 0.9953
      F1: 0.9427
      AUC: 0.9477
      AP: 0.8911
      Confusion Matrix:
       1100251, 128672
         5149, 1101379
    Class 3
      Precision: 0.9988
      Recall: 0.9800
      F1: 0.9893
      AUC: 0.9994
      AP: 0.9788
      Confusion Matrix:
       4679856,   5630
        95656, 4680197
    Class 4
      Precision: 0.9274
      Recall: 0.9997
      F1: 0.9622
      AUC: 0.9637
      AP: 0.9271
      Confusion Matrix:
       5895881, 461233
         1906, 5895852
    Epoch 12: Accuracy: 0.5999, Precision: 0.6313, Recall: 0.5999, F1: 0.6000, Cohen's Kappa: 0.5462, MCC: 0.6220
    Confusion Matrix:
     5959435,   4811,    251,   6163,3898355,  13060,   1248,    608,   7721,  42397
       96184,2975790,  68424,   8942,1095212, 107750, 363405,  20692, 204111,  19968
        1752,     81,1116820,    248, 553065,     28,      4,   2804,   4367, 182508
        6329, 237299, 115371,4750331,2496307, 174583,  11461,  14569,  99391,  12898
        3049,  91704,   8473,  54276,5984668,  33044, 139892,  24883,  70216,3565905
        8278,1740022,    645,   4557,    412,5959368,1816192,    331, 399916,   4215
        2057,   8061,   5653,   4071, 138420,     42,2980608, 375338, 257025,1197234
       13664,   1829,   2650,    140,    377,     16, 416853,1117965, 308021,   2072
      395965,  25988,   3112,      5,      6,2406447,   3488,   4065,4750677, 329363
        5727,1472512,1740121, 105561, 581742,  20931,   3439,  31523,  29867,5984639
    Class 0
      Precision: 0.9978
      Recall: 0.9986
      F1: 0.9982
      AUC: 0.9989
      AP: 0.9964
      Confusion Matrix:
       5959435,  13060
         8278, 5959368
    Class 1
      Precision: 0.8912
      Recall: 0.9973
      F1: 0.9413
      AUC: 0.9457
      AP: 0.8888
      Confusion Matrix:
       2975790, 363405
         8061, 2980608
    Class 2
      Precision: 0.9975
      Recall: 0.9976
      F1: 0.9976
      AUC: 0.9987
      AP: 0.9951
      Confusion Matrix:
       1116820,   2804
         2650, 1117965
    Class 3
      Precision: 0.9795
      Recall: 1.0000
      F1: 0.9896
      AUC: 0.9898
      AP: 0.9795
      Confusion Matrix:
       4750331,  99391
            5, 4750677
    Class 4
      Precision: 0.6266
      Recall: 0.9114
      F1: 0.7427
      AUC: 0.8133
      AP: 0.5711
      Confusion Matrix:
       5984668, 3565905
       581742, 5984639
    Epoch 13: Accuracy: 0.6069, Precision: 0.6110, Recall: 0.6069, F1: 0.5886, Cohen's Kappa: 0.5589, MCC: 0.6017
    Confusion Matrix:
     6028974,   1533,   1702,    265,2161534,     46, 882538,    486, 843681,  13290
        8420,3010514,  51830,  49495, 980046, 244499, 468391,   8175,  82970,  56138
        2841,     71,1129851,  36871,  60830,  38679,    162, 591337,    203,    832
        9564,     30,2995692,4805761,  14652,   3761,      6,  84028,   4215,    830
      198787, 405431,1974865,  68365,6054501,1069603,  38800,  34902,  43814,  87042
      258917,  60580,    606,2020406, 268291,6028905,  54264,   3593,1236803,   1571
        4128,    391,    939, 591673, 239543, 431606,3015388,   4139,   4638, 676064
        1134,    246,    106, 553779,  81964,  92604,      3,1131010,   2664,     77
      402337, 551903,1492505,   1141,   8069,    649,    576,     37,4806111, 655788
      399350, 400366,   9777,   1525, 114356,   3742,2987919,    925,   3630,6054472
    Class 0
      Precision: 1.0000
      Recall: 0.9588
      F1: 0.9790
      AUC: 1.0000
      AP: 0.9588
      Confusion Matrix:
       6028974,     46
       258917, 6028905
    Class 1
      Precision: 0.8654
      Recall: 0.9999
      F1: 0.9278
      AUC: 0.9328
      AP: 0.8653
      Confusion Matrix:
       3010514, 468391
          391, 3015388
    Class 2
      Precision: 0.6564
      Recall: 0.9999
      F1: 0.7926
      AUC: 0.8283
      AP: 0.6564
      Confusion Matrix:
       1129851, 591337
          106, 1131010
    Class 3
      Precision: 0.9991
      Recall: 0.9998
      F1: 0.9994
      AUC: 0.9996
      AP: 0.9989
      Confusion Matrix:
       4805761,   4215
         1141, 4806111
    Class 4
      Precision: 0.9858
      Recall: 0.9815
      F1: 0.9836
      AUC: 0.9929
      AP: 0.9676
      Confusion Matrix:
       6054501,  87042
       114356, 6054472
    Epoch 14: Accuracy: 0.6174, Precision: 0.6251, Recall: 0.6174, F1: 0.6124, Cohen's Kappa: 0.5667, MCC: 0.6348
    Confusion Matrix:
     6133281,2488910,  79329,    840,    351,1169646,  60406,    300,    876,    110
      204020,3062599,  70376, 334229,  69103, 115372,  30794, 562833,  19462, 491690
       35910, 385700,1149399,   3575,   2570, 126244, 121789,   8190,  14920,  13380
           3,      5, 349626,4888905,   4714,     82,2396785,     10,     18, 278391
       16888,   4260,  87334,  56094,6159250, 198070,   4847,  93620,1972817,1382930
       47876,  57254, 292348,  59486, 216673,6133212,   4359,   7109,3097280,  18339
       33768,   2056, 181148,   1921, 359352,   8056,3067557,   3430,   6716,1304505
          42, 119778,    103,   2117,  16947,   1889, 480026,1150578,  91978,    129
      109567,   4973,   9761,  33739,1340696,1398758,   2685,  15526,4889262, 114149
        5466,  38389,  56658, 476756,   4212,2830532,   2917,    129, 401783,6159220
    Class 0
      Precision: 0.8398
      Recall: 0.9923
      F1: 0.9097
      AUC: 0.9199
      AP: 0.8333
      Confusion Matrix:
       6133281, 1169646
        47876, 6133212
    Class 1
      Precision: 0.9900
      Recall: 0.9993
      F1: 0.9947
      AUC: 0.9950
      AP: 0.9894
      Confusion Matrix:
       3062599,  30794
         2056, 3067557
    Class 2
      Precision: 0.9929
      Recall: 0.9999
      F1: 0.9964
      AUC: 0.9965
      AP: 0.9928
      Confusion Matrix:
       1149399,   8190
          103, 1150578
    Class 3
      Precision: 1.0000
      Recall: 0.9931
      F1: 0.9966
      AUC: 1.0000
      AP: 0.9931
      Confusion Matrix:
       4888905,     18
        33739, 4889262
    Class 4
      Precision: 0.8166
      Recall: 0.9993
      F1: 0.8988
      AUC: 0.9083
      AP: 0.8161
      Confusion Matrix:
       6159250, 1382930
         4212, 6159220
    Epoch 15: Accuracy: 0.6272, Precision: 0.6625, Recall: 0.6272, F1: 0.6157, Cohen's Kappa: 0.5817, MCC: 0.6500
    Confusion Matrix:
     5030635,      1,3694945,    477,    217,     13,    203,      2,    758,   6798
         260,2911211,   1111, 750559,    897,  45992,   7894,    752,  41993, 999809
       15909,     85,867643,  15446,  56832,  35880,   3544,  52468,  18562, 495308
      530382, 937759,   4918,4066507, 382324, 785680,   4120, 286631,  13185,   7033
     1336281,  68053,1675484,  16277,4557016,   2635, 384547,   3513, 230681,   1623
     3500463,    154,  50685,  12512,  20928,4730564,    942,  88685,  28922,     81
      737080,     62,  27611,   3497,   3765,   8732,2216248, 974045,    386,  97083
      466832,   1293,   1357, 206129,    772,   1038,   1984,968841,    361,  14980
       39167,   1373,2839633,  39964,    221,    395,  26143,    140,3366869,   5211
        3654,1464520, 127366,  99763,1987603,     70,  26852,    646,   8602,4956986
    Class 0
      Precision: 1.0000
      Recall: 0.6403
      F1: 0.7807
      AUC: 1.0000
      AP: 0.6403
      Confusion Matrix:
       6230635,     13
       3500463, 6230564
    Class 1
      Precision: 0.9975
      Recall: 1.0000
      F1: 0.9987
      AUC: 0.9987
      AP: 0.9974
      Confusion Matrix:
       3111211,   7894
           62, 3116248
    Class 2
      Precision: 0.9570
      Recall: 0.9988
      F1: 0.9775
      AUC: 0.9785
      AP: 0.9559
      Confusion Matrix:
       1167643,  52468
         1357, 1168841
    Class 3
      Precision: 0.9974
      Recall: 0.9920
      F1: 0.9947
      AUC: 0.9987
      AP: 0.9894
      Confusion Matrix:
       4966507,  13185
        39964, 4966869
    Class 4
      Precision: 0.9997
      Recall: 0.7589
      F1: 0.8628
      AUC: 0.9999
      AP: 0.7587
      Confusion Matrix:
       6257016,   1623
       1987603, 6256986
    Epoch 16: Accuracy: 0.6328, Precision: 0.6479, Recall: 0.6328, F1: 0.6156, Cohen's Kappa: 0.5874, MCC: 0.6364
    Confusion Matrix:
     6286266, 526753,    122,  47392,   2578,1357353, 254522,1293509, 163591,   1963
           1,3138990,  25866,     42,      4,      2,1554474, 209288,      2,  31809
          29,  14545,1178069, 508453,  11721,    118,  18784,   1344,  88637,  39977
       67449,  44649,  13192,5010851, 351329,1148423,1212345,   2615,  58020,   9666
       18093,   1041,  21529,   2816,6312882,  26754,    144, 252073,  53847,3286931
      140266,  39443,  20457,   8702,    603,6286194,  34176,3374829,  28131,   1135
          87,1786691,     11,    275,  22794,      4,3144072,   7172,     94,   7309
       31143,  21082,   8269, 491157,   7615,   4316,  10795,1179277,  13074,  96859
          29,   5609, 110421, 724246,    310,    104,  76598,  33195,5011216,1957388
        1884,   6346, 478982,2316331,  41580,    863,  23298, 793090,    836,6312852
    Class 0
      Precision: 0.8224
      Recall: 0.9782
      F1: 0.8936
      AUC: 0.9112
      AP: 0.8045
      Confusion Matrix:
       6286266, 1357353
       140266, 6286194
    Class 1
      Precision: 0.6688
      Recall: 0.6373
      F1: 0.6527
      AUC: 0.8346
      AP: 0.4262
      Confusion Matrix:
       3138990, 1554474
       1786691, 3144072
    Class 2
      Precision: 0.9989
      Recall: 0.9930
      F1: 0.9959
      AUC: 0.9994
      AP: 0.9919
      Confusion Matrix:
       1178069,   1344
         8269, 1179277
    Class 3
      Precision: 0.9886
      Recall: 0.8737
      F1: 0.9276
      AUC: 0.9943
      AP: 0.8637
      Confusion Matrix:
       5010851,  58020
       724246, 5011216
    Class 4
      Precision: 0.6576
      Recall: 0.9935
      F1: 0.7914
      AUC: 0.8288
      AP: 0.6533
      Confusion Matrix:
       6312882, 3286931
        41580, 6312852