Ablation Type: warmup_ablation
==================================================
Epoch Results:
    Epoch 1: Accuracy: 0.6000, Precision: 0.5765, Recall: 0.6000, F1: 0.5681, Cohen's Kappa: 0.5512, MCC: 0.7479
    Confusion Matrix:
     5960429,2832980, 607649,  89000,    241,   2009, 235346,  43082,     89, 163224
        8698,2976286, 151671,  36143, 203134,  71376, 345238, 134995, 908005, 124932
          24,    345,1117006,    518,   3720,  44942,    235, 339924, 281138,  73825
      823381,   8588,  15814,4751123, 113207,  46033,  10300,1263744, 695027, 191322
          94,   1051, 162175,3524626,5985666,    411,  54491, 203523,    506,  43567
        6320,2958086, 888451,  25277,    827,5960361,  10505,  78133,     74,   5902
       19932,   6958,    328,    909,1005503,   7295,2981105,  45605,  39623, 861251
        2814, 436258,   2745,    793,   2264,   1926,  79246,1118152,  28964, 190425
        7175,  49525, 389045,  20369,   4756, 879744, 204271, 344605,4751469,1268157
      970533,  73078, 503132, 340093, 100527, 103539,1728009, 152665,  18849,5985637
    Class 0
      Precision: 0.9997
      Recall: 0.9989
      F1: 0.9993
      AUC: 0.9998
      AP: 0.9986
      Confusion Matrix:
       5960429,   2009
         6320, 5960361
    Class 1
      Precision: 0.8961
      Recall: 0.9977
      F1: 0.9441
      AUC: 0.9481
      AP: 0.8940
      Confusion Matrix:
       2976286, 345238
         6958, 2981105
    Class 2
      Precision: 0.7667
      Recall: 0.9975
      F1: 0.8670
      AUC: 0.8834
      AP: 0.7648
      Confusion Matrix:
       1117006, 339924
         2745, 1118152
    Class 3
      Precision: 0.8724
      Recall: 0.9957
      F1: 0.9300
      AUC: 0.9362
      AP: 0.8687
      Confusion Matrix:
       4751123, 695027
        20369, 4751469
    Class 4
      Precision: 0.9928
      Recall: 0.9835
      F1: 0.9881
      AUC: 0.9964
      AP: 0.9764
      Confusion Matrix:
       5985666,  43567
       100527, 5985637
    Epoch 2: Accuracy: 0.6080, Precision: 0.6050, Recall: 0.6080, F1: 0.5746, Cohen's Kappa: 0.5615, MCC: 0.7177
    Confusion Matrix:
     6039901,3686811,  32709,   1705,  57447,    484,   1129,   1564, 108161,   4138
         397,3015970,  36679,1103236,  47350, 653576,  97993,   2657,   2382,    238
          14, 123189,1131899,    359,  76002, 355639,    212,  77603,  96706,     54
        3199,   6451,1834171,4814471,  61665, 428710, 117499,  73921,  84986, 493466
       94789,   2380,  52025, 908458,6065474, 323981,1949970, 567296,    571,  11166
        3792,   5157,   4316, 145805,   2059,6039833,3683524,  44315,    768,   4367
         715,    567,  16607, 636639,1219458,  65264,3020853,   1061,    314,   7031
          99,    108,     59, 176046,  32510, 513587,   4492,1133060,    499,   3127
       58395, 416505, 287810,1936125,  23878, 349819,    919,  24820,4814822,   6023
        5501,   1098, 521316,    684, 531842,    303,    687,2840888,   8298,6065445
    Class 0
      Precision: 0.9999
      Recall: 0.9994
      F1: 0.9996
      AUC: 1.0000
      AP: 0.9993
      Confusion Matrix:
       6039901,    484
         3792, 6039833
    Class 1
      Precision: 0.9685
      Recall: 0.9998
      F1: 0.9839
      AUC: 0.9843
      AP: 0.9683
      Confusion Matrix:
       3015970,  97993
          567, 3020853
    Class 2
      Precision: 0.9358
      Recall: 0.9999
      F1: 0.9668
      AUC: 0.9680
      AP: 0.9358
      Confusion Matrix:
       1131899,  77603
           59, 1133060
    Class 3
      Precision: 0.9827
      Recall: 0.7132
      F1: 0.8265
      AUC: 0.9913
      AP: 0.7008
      Confusion Matrix:
       4814471,  84986
       1936125, 4814822
    Class 4
      Precision: 0.9982
      Recall: 0.9194
      F1: 0.9572
      AUC: 0.9991
      AP: 0.9177
      Confusion Matrix:
       6065474,  11166
       531842, 6065445
    Epoch 3: Accuracy: 0.6119, Precision: 0.6133, Recall: 0.6119, F1: 0.5975, Cohen's Kappa: 0.5615, MCC: 0.7188
    Confusion Matrix:
     6078644,   2272,    312,  82257,   1655,3714646,   4638,  46254,   3020,    351
        2659,3035316,   6330,1482682,  97478,  16561, 167231,    260,  12384, 139577
        5323,  17277,1139160,  38631, 281651,    940, 180212, 194094,   1212,   3177
       63508, 486911,  78366,4845354,1884339,  13417,  54208, 441940,  14375,  36121
       88492, 729067,  17210,   1826,6104381,   2966,   1717, 196032,    393,2834026
         583, 113628,    546,   6368, 529432,6078575,    309,3200521,   3254,    720
      520474,    741, 327177, 130957,   5970,  14942,3040230,   2258, 718168, 207592
      533243,  15785,   7838,  14282,  12363,   1945,   2712,1140328, 104205,  30886
     1188993,1495773,   1805,   2805,  14219, 109637,  18850, 199885,4845707,  41442
         570, 371837, 421046,    757,  48539,1557733,   2180, 173207,1295841,6104352
    Class 0
      Precision: 0.6207
      Recall: 0.9999
      F1: 0.7659
      AUC: 0.8103
      AP: 0.6206
      Confusion Matrix:
       6078644, 3714646
          583, 6078575
    Class 1
      Precision: 0.9478
      Recall: 0.9998
      F1: 0.9731
      AUC: 0.9739
      AP: 0.9476
      Confusion Matrix:
       3035316, 167231
          741, 3040230
    Class 2
      Precision: 0.8544
      Recall: 0.9932
      F1: 0.9186
      AUC: 0.9273
      AP: 0.8486
      Confusion Matrix:
       1139160, 194094
         7838, 1140328
    Class 3
      Precision: 0.9970
      Recall: 0.9994
      F1: 0.9982
      AUC: 0.9985
      AP: 0.9965
      Confusion Matrix:
       4845354,  14375
         2805, 4845707
    Class 4
      Precision: 0.6829
      Recall: 0.9921
      F1: 0.8090
      AUC: 0.8415
      AP: 0.6776
      Confusion Matrix:
       6104381, 2834026
        48539, 6104352
    Epoch 4: Accuracy: 0.6182, Precision: 0.6213, Recall: 0.6182, F1: 0.5995, Cohen's Kappa: 0.5706, MCC: 0.6411
    Confusion Matrix:
     6141229,1113454,   4588,   7590,   5561,  22490, 319124,2211099,   7007, 101907
      453016,3066567,   6017,  18729,   3485,1317370,   1472,   3147,    523,  90152
        4865,     63,1150888,    982,    102,   1940,   1534,    109, 678015,  23179
       98970,    267,    244,4895240,    222,1692469,1095044,    482,   7280, 128321
      117578, 375357, 139121,  56522,6167231,  25323,   2135, 175656,   1852,2915335
      476667,   4629, 362606, 195212,  90521,6141159,2245567, 217628,   5938, 194009
        1010,1795176,   5563,  59236,    723,   2670,3071532,  24794,   5459,   2346
       75321,  11556,  22419, 120523,  79088, 307643,  62100,1152069,  22247,  10621
         407,1020862,   6166,   4139,1811807,    245, 171537,   8179,4895597,    177
     1216469,     21,    962,  85978,     23,    488,    856,2245953, 258111,6167201
    Class 0
      Precision: 0.9964
      Recall: 0.9280
      F1: 0.9609
      AUC: 0.9982
      AP: 0.9246
      Confusion Matrix:
       6141229,  22490
       476667, 6141159
    Class 1
      Precision: 0.9995
      Recall: 0.6308
      F1: 0.7734
      AUC: 0.9998
      AP: 0.6305
      Confusion Matrix:
       3066567,   1472
       1795176, 3071532
    Class 2
      Precision: 0.9999
      Recall: 0.9809
      F1: 0.9903
      AUC: 1.0000
      AP: 0.9808
      Confusion Matrix:
       1150888,    109
        22419, 1152069
    Class 3
      Precision: 0.9985
      Recall: 0.9992
      F1: 0.9988
      AUC: 0.9993
      AP: 0.9977
      Confusion Matrix:
       4895240,   7280
         4139, 4895597
    Class 4
      Precision: 0.6790
      Recall: 1.0000
      F1: 0.8088
      AUC: 0.8395
      AP: 0.6790
      Confusion Matrix:
       6167231, 2915335
           23, 6167201
    Epoch 5: Accuracy: 0.6234, Precision: 0.6152, Recall: 0.6234, F1: 0.6111, Cohen's Kappa: 0.5730, MCC: 0.6501
    Confusion Matrix:
     6192886,1610822,  15094,  17762,    459,    307,    810,    924,    147,2094838
         571,3092361,   3368,    130,  45098,1469110,    120, 337645,    236,  11839
      421997,    195,1160569,  57359,    155, 199431,  16974,    401,   1092,   3504
        1539,  75168,   1974,4936417,2826433,  15215,  37832,  14501,    662,   8798
        4491,     22,      3,  54503,6219106,3016942, 232473,      5, 448549,     16
       25049,   1298, 255342,  29058,2542813,6192815, 161725,  36774,  25781, 663281
       21059,  58158, 609972,   4023, 221719,  16320,3097368, 921378,  18449,     63
      632364,     58,   7691,     95,    766,  17476,     52,1161760,  43172,    153
        9585,    289,  58490,2829547,  47581,  11010,    259,    914,4936776,  24665
         504,  30690, 603117, 858641, 114531,  22042,2015192,  28277,  83991,6219077
    Class 0
      Precision: 1.0000
      Recall: 0.9960
      F1: 0.9980
      AUC: 1.0000
      AP: 0.9959
      Confusion Matrix:
       6192886,    307
        25049, 6192815
    Class 1
      Precision: 1.0000
      Recall: 0.9815
      F1: 0.9907
      AUC: 1.0000
      AP: 0.9815
      Confusion Matrix:
       3092361,    120
        58158, 3097368
    Class 2
      Precision: 0.9997
      Recall: 0.9934
      F1: 0.9965
      AUC: 0.9998
      AP: 0.9931
      Confusion Matrix:
       1160569,    401
         7691, 1161760
    Class 3
      Precision: 0.9999
      Recall: 0.6356
      F1: 0.7772
      AUC: 0.9999
      AP: 0.6356
      Confusion Matrix:
       4936417,    662
       2829547, 4936776
    Class 4
      Precision: 1.0000
      Recall: 0.9819
      F1: 0.9909
      AUC: 1.0000
      AP: 0.9819
      Confusion Matrix:
       6219106,     16
       114531, 6219077
    Epoch 6: Accuracy: 0.6330, Precision: 0.6488, Recall: 0.6330, F1: 0.6156, Cohen's Kappa: 0.5882, MCC: 0.7645
    Confusion Matrix:
     6288253, 295358, 161318,  49539,1682513,  20174,  12159, 482501,  34517, 907717
      260791,3139982,1522793,    194,   3509,      8,   1479,  22461,   2604,   6657
       15625,   4717,1178441,  86249,  32601,  23910,  28922, 242131, 117131, 131950
       70577,   5473,1031947,5012435,  15695, 501485, 839843,  38868, 397355,   4861
       68124,  15064,   2001,   3035,6314877,   3952,   6478,    493,   1727,3560359
         438,  19109,2165673,    356,  38459,6288181,1283482,    892,  18565, 118781
        8504,  39606, 182676, 456322,   2249,1029748,3145066,   3148,   4248,  96942
      107997,     28, 187511,   4581,  24268, 250966, 107121,1179650,   1038,    427
       67262,   7466,2208175,  18462, 108323,  19891,  48334, 418781,5012800,   9622
      529237,  20791, 443811,1898144,  50731, 172476,  22352, 291671, 232002,6314847
    Class 0
      Precision: 0.9968
      Recall: 0.9999
      F1: 0.9984
      AUC: 0.9984
      AP: 0.9967
      Confusion Matrix:
       6288253,  20174
          438, 6288181
    Class 1
      Precision: 0.9995
      Recall: 0.9875
      F1: 0.9935
      AUC: 0.9998
      AP: 0.9871
      Confusion Matrix:
       3139982,   1479
        39606, 3145066
    Class 2
      Precision: 0.8296
      Recall: 0.8627
      F1: 0.8458
      AUC: 0.9148
      AP: 0.7157
      Confusion Matrix:
       1178441, 242131
       187511, 1179650
    Class 3
      Precision: 0.9265
      Recall: 0.9963
      F1: 0.9602
      AUC: 0.9633
      AP: 0.9231
      Confusion Matrix:
       5012435, 397355
        18462, 5012800
    Class 4
      Precision: 0.6395
      Recall: 0.9920
      F1: 0.7777
      AUC: 0.8197
      AP: 0.6344
      Confusion Matrix:
       6314877, 3560359
        50731, 6314847
    Epoch 7: Accuracy: 0.6363, Precision: 0.6110, Recall: 0.6363, F1: 0.6053, Cohen's Kappa: 0.5907, MCC: 0.7506
    Confusion Matrix:
     6321035, 141986, 472820,  14199,  61527,   2125,   4745,1168041,1672768,  74803
      846607,3156352,  13516,   3043,   1058, 480839,  32174,   1818, 424309,    762
       47153,   5395,1184585,  25771,  60752,    782,   3511, 445775,  85658,   2295
       61240,2149535, 133354,5038566,    352,   1849, 530873,   1352,    298,   1120
      810435, 811332, 294752,   3124,6347798,  82024,1592886,   1365,    211,  32183
      158491, 330274, 318164,1740427,   2511,6320963, 483234, 476753,  98328,   4791
        2022,  14685,1282404,    453,    974, 298955,3161462,   3581, 202084,   1889
         418,     14,    281, 381498,  31828,    308,    248,1185800, 260523,   2669
      197329,   1450,  67441,  12441,   6413,2462190, 131417,   1377,5038933,    125
     1673855,     12,     45, 910531,     40,     57,     58,  23586,1020110,6347768
    Class 0
      Precision: 0.9997
      Recall: 0.9755
      F1: 0.9875
      AUC: 0.9998
      AP: 0.9752
      Confusion Matrix:
       6321035,   2125
       158491, 6320963
    Class 1
      Precision: 0.9899
      Recall: 0.9954
      F1: 0.9926
      AUC: 0.9950
      AP: 0.9853
      Confusion Matrix:
       3156352,  32174
        14685, 3161462
    Class 2
      Precision: 0.7266
      Recall: 0.9998
      F1: 0.8416
      AUC: 0.8634
      AP: 0.7264
      Confusion Matrix:
       1184585, 445775
          281, 1185800
    Class 3
      Precision: 0.9999
      Recall: 0.9975
      F1: 0.9987
      AUC: 1.0000
      AP: 0.9975
      Confusion Matrix:
       5038566,    298
        12441, 5038933
    Class 4
      Precision: 0.9950
      Recall: 1.0000
      F1: 0.9975
      AUC: 0.9975
      AP: 0.9949
      Confusion Matrix:
       6347798,  32183
           40, 6347768
    Epoch 8: Accuracy: 0.6458, Precision: 0.6507, Recall: 0.6458, F1: 0.6345, Cohen's Kappa: 0.5995, MCC: 0.6427
    Confusion Matrix:
     6415408, 340232,  64581, 337103, 247863,1891492, 121432,  91212, 371946,  52780
       11224,3203476,1086250,   2669,   2404, 132443,   6786,  92289, 395875,  27062
          24,      1,1202271,   3855,  12536,     94,    671, 115737,  43191, 483297
        9103,   2552, 391098,5113792,1830437, 113957, 331812, 110737,  12847,   2204
       10571,    442, 168738, 720262,6442571,  12146,   6288,   1182,  49083,2564827
        3143,3149737, 168200, 120404,  41886,6415335,  23798,   1243,   9322,    868
       11828,    184,  23851,   4765,   6146,1575832,3208663,    497,  55539,  81204
         214,   7911, 279841, 162381, 184148,  24862,     33,1203504,    446,    247
       56410,   2781,     27,    617,   1049, 193263,    414,  13706,5114165,2536684
       12953,  14972,    428, 112299,  56164,     29,3328251,   2765,   5661,6442540
    Class 0
      Precision: 0.7723
      Recall: 0.9995
      F1: 0.8713
      AUC: 0.8861
      AP: 0.7719
      Confusion Matrix:
       6415408, 1891492
         3143, 6415335
    Class 1
      Precision: 0.9979
      Recall: 0.9999
      F1: 0.9989
      AUC: 0.9989
      AP: 0.9978
      Confusion Matrix:
       3203476,   6786
          184, 3208663
    Class 2
      Precision: 0.9122
      Recall: 0.8112
      F1: 0.8587
      AUC: 0.9561
      AP: 0.7400
      Confusion Matrix:
       1202271, 115737
       279841, 1203504
    Class 3
      Precision: 0.9975
      Recall: 0.9999
      F1: 0.9987
      AUC: 0.9987
      AP: 0.9974
      Confusion Matrix:
       5113792,  12847
          617, 5114165
    Class 4
      Precision: 0.7153
      Recall: 0.9914
      F1: 0.8310
      AUC: 0.8576
      AP: 0.7091
      Confusion Matrix:
       6442571, 2564827
        56164, 6442540
    Epoch 9: Accuracy: 0.6524, Precision: 0.6361, Recall: 0.6524, F1: 0.6321, Cohen's Kappa: 0.6072, MCC: 0.7666
    Confusion Matrix:
     6480973,  28067, 249864,2025244,   1864, 581196,    986,   1090, 558166,   6599
       19598,3236215,  74039, 137312,    219,   1186,  58899,    201,  11429,1421380
       30064, 275566,1214558, 225833,     72,    114, 109662,    191,   2371,   3246
        4641,   1828,  57649,5166054,  12300,     81,  47032, 536056,1937682, 155216
      364903, 728986, 132486,  68940,6508414, 251130, 155618, 353472,1329445,  82716
      654721,  26095, 695253,1681198,  16944,6480899, 210386,  94021,  25989,  48430
        5597, 464564,  56746,   1204,    505, 310515,3241455,    811, 793229,  93883
      545168,    370,  40610,   4896,  44616,   5480,   2133,1215804,    386,   4124
         101,      4,      1,     97,2111458, 636716,   4067,     27,5166431,    214
      467956,  54369,1482833, 541979, 262767, 113819,  41787, 405830,  96340,6508382
    Class 0
      Precision: 0.9177
      Recall: 0.9082
      F1: 0.9130
      AUC: 0.9589
      AP: 0.8335
      Confusion Matrix:
       6480973, 581196
       654721, 6480899
    Class 1
      Precision: 0.9821
      Recall: 0.8745
      F1: 0.9252
      AUC: 0.9911
      AP: 0.8588
      Confusion Matrix:
       3236215,  58899
       464564, 3241455
    Class 2
      Precision: 0.9998
      Recall: 0.9676
      F1: 0.9835
      AUC: 0.9999
      AP: 0.9675
      Confusion Matrix:
       1214558,    191
        40610, 1215804
    Class 3
      Precision: 0.7272
      Recall: 1.0000
      F1: 0.8421
      AUC: 0.8636
      AP: 0.7272
      Confusion Matrix:
       5166054, 1937682
           97, 5166431
    Class 4
      Precision: 0.9875
      Recall: 0.9612
      F1: 0.9741
      AUC: 0.9937
      AP: 0.9491
      Confusion Matrix:
       6508414,  82716
       262767, 6508382
    Epoch 10: Accuracy: 0.6584, Precision: 0.6351, Recall: 0.6584, F1: 0.6384, Cohen's Kappa: 0.6135, MCC: 0.6605
    Confusion Matrix:
     6540577, 849688,  10184,1387670, 491784,  45927,  97855,  21794, 483615,   4955
         737,3265978,1357646,   3271,    357,     63, 315495,   9824,    304,   6803
        2543,   1236,1225728,  23971,  59646,     82,   2068,    233,   1809, 544361
       65027,  94352, 318188,5213566, 227400,1031294, 281243,  17781, 408722, 260966
      586093,   8393,  26926,   5600,6568270, 347360, 371418,   3719,1691135, 367196
     2180041, 974908,    509,  13626,  15491,6540503,   6031,    132, 176471,  26224
      741475,  35029, 492030,   7390,  60874,    852,3271266, 288125,  20656,  50812
       47498, 168723,    438, 191713,    841, 116498,  25872,1226985,  69973,  15046
        4727, 425132,   1226,  20230,1620780, 561843,  69642,   1474,5213945,    117
          82, 564223, 179471, 157409,   1298,1819351,   1766, 683862,    361,6568239
    Class 0
      Precision: 0.9930
      Recall: 0.7500
      F1: 0.8546
      AUC: 0.9965
      AP: 0.7448
      Confusion Matrix:
       6540577,  45927
       2180041, 6540503
    Class 1
      Precision: 0.9119
      Recall: 0.9894
      F1: 0.9491
      AUC: 0.9560
      AP: 0.9022
      Confusion Matrix:
       3265978, 315495
        35029, 3271266
    Class 2
      Precision: 0.9998
      Recall: 0.9996
      F1: 0.9997
      AUC: 0.9999
      AP: 0.9995
      Confusion Matrix:
       1225728,    233
          438, 1226985
    Class 3
      Precision: 0.9273
      Recall: 0.9961
      F1: 0.9605
      AUC: 0.9637
      AP: 0.9237
      Confusion Matrix:
       5213566, 408722
        20230, 5213945
    Class 4
      Precision: 0.9471
      Recall: 0.9998
      F1: 0.9727
      AUC: 0.9735
      AP: 0.9469
      Confusion Matrix:
       6568270, 367196
         1298, 6568239
    Epoch 11: Accuracy: 0.6646, Precision: 0.6332, Recall: 0.6646, F1: 0.6302, Cohen's Kappa: 0.6224, MCC: 0.6654
    Confusion Matrix:
     6602168,   5423,  21018,2668721,   1548, 413356,   1530, 215147,   3278,   1860
       27781,3296733,     25,  99092, 312273,1060513,     49,  28646, 129995,   5371
      536069,   6873,1237270,      8,  75779,   4212,    977,     51,    437,      1
     1451714, 522322, 521717,5262661,   1822,  21752,  32518,   5350,   1728,  96955
        1937,1011949, 430907,   2976,6630122,  27674,   4581,    803,1613682, 251479
       12677,  96308,2021500, 227808,   9801,6602093, 119250, 426989,  75562, 341948
        1253, 527824,    387,    411,   3216, 726324,3302071,   1039, 280242, 125742
        2861, 110585, 145525,   5348,  10972,   4068,   1429,1238539, 336688,   7572
        5791,   3735,   4773,  48192, 643534,1346219, 598361,    401,5263044,   5066
       23535, 119981,   8461,  12716, 186460, 256471, 371354,2361965,   5029,6630090
    Class 0
      Precision: 0.9411
      Recall: 0.9981
      F1: 0.9687
      AUC: 0.9705
      AP: 0.9393
      Confusion Matrix:
       6602168, 413356
        12677, 6602093
    Class 1
      Precision: 1.0000
      Recall: 0.8620
      F1: 0.9259
      AUC: 1.0000
      AP: 0.8620
      Confusion Matrix:
       3296733,     49
       527824, 3302071
    Class 2
      Precision: 1.0000
      Recall: 0.8948
      F1: 0.9444
      AUC: 1.0000
      AP: 0.8947
      Confusion Matrix:
       1237270,     51
       145525, 1238539
    Class 3
      Precision: 0.9997
      Recall: 0.9909
      F1: 0.9953
      AUC: 0.9998
      AP: 0.9906
      Confusion Matrix:
       5262661,   1728
        48192, 5263044
    Class 4
      Precision: 0.9635
      Recall: 0.9726
      F1: 0.9680
      AUC: 0.9817
      AP: 0.9371
      Confusion Matrix:
       6630122, 251479
       186460, 6630090
    Epoch 12: Accuracy: 0.6702, Precision: 0.6532, Recall: 0.6702, F1: 0.6518, Cohen's Kappa: 0.6263, MCC: 0.6644
    Confusion Matrix:
     6657799, 121933, 160226,  62484,  40848,  18484, 110025,  19902, 695683,2046665
      183548,3324512,   5785, 702038, 636183,   5655,   9257,  67604,  14038,  11858
          48,     71,1247695,  13319, 549514,     13,    187,  50544,     40,    246
     2038771,  47172,     19,5307004, 430846,  11673,  51551,  19846,   5608,   6049
       60673, 468820,  45702, 253164,6685988, 370372,  77197,1906005,   5087, 103102
        2939, 367708,  55996,  14193,   6577,6657723,   2454, 143823,1841646, 840877
       79136, 803801,  51564,    135,   9757,  53334,3329894,   1179, 175316, 464393
      576418,  31722,     31,    730,    167,     36,      9,1248976,    704,   4794
       14161,   5129,   3008,  28316,  47711,2238002, 224791,  50587,5307391,     20
         389,   3878,1188778,  83391,     63,1822214,    888,   6629, 183876,6685956
    Class 0
      Precision: 0.9972
      Recall: 0.9996
      F1: 0.9984
      AUC: 0.9986
      AP: 0.9968
      Confusion Matrix:
       6657799,  18484
         2939, 6657723
    Class 1
      Precision: 0.9972
      Recall: 0.8053
      F1: 0.8910
      AUC: 0.9986
      AP: 0.8031
      Confusion Matrix:
       3324512,   9257
       803801, 3329894
    Class 2
      Precision: 0.9611
      Recall: 1.0000
      F1: 0.9801
      AUC: 0.9806
      AP: 0.9610
      Confusion Matrix:
       1247695,  50544
           31, 1248976
    Class 3
      Precision: 0.9989
      Recall: 0.9947
      F1: 0.9968
      AUC: 0.9995
      AP: 0.9936
      Confusion Matrix:
       5307004,   5608
        28316, 5307391
    Class 4
      Precision: 0.9848
      Recall: 1.0000
      F1: 0.9923
      AUC: 0.9924
      AP: 0.9848
      Confusion Matrix:
       6685988, 103102
           63, 6685956
    Epoch 13: Accuracy: 0.6758, Precision: 0.6637, Recall: 0.6758, F1: 0.6453, Cohen's Kappa: 0.6364, MCC: 0.6443
    Confusion Matrix:
     6713430,   3050,   3036,  40502,   1677,   2749,   2727,    449,   1101,3165328
        2673,3352291,   5449,  80959,  14423,  27280,   2081, 206373,1237643,  31306
         992, 370822,1258121,     29,  49575, 166441,   5717,   9552,    222,    206
        3077,1959264,   2139,5351348,   1448,  73422,    723,  30054,  13301, 483763
      372796,1043270,     13,     11,6741855,   2244, 158074,1586317,     39,  71491
        1202,     92,    253,   2281, 203811,6713353,    723,3011476,    715,     30
       22569,   8310,1059489, 251650,    134,  44854,3357718, 218158,   4580,   1047
        9129,    532,     64,   6773,  82041,  15525, 465060,1259412,  25049,      2
        3779,    968,   2806,2550660,    693,    386,   2746,    292,5351738,   5048
        2653,   4315,    476,    177,   1984,   8537,3177877,    859,  37362,6741822
    Class 0
      Precision: 0.9996
      Recall: 0.9998
      F1: 0.9997
      AUC: 0.9998
      AP: 0.9994
      Confusion Matrix:
       6713430,   2749
         1202, 6713353
    Class 1
      Precision: 0.9994
      Recall: 0.9975
      F1: 0.9985
      AUC: 0.9997
      AP: 0.9969
      Confusion Matrix:
       3352291,   2081
         8310, 3357718
    Class 2
      Precision: 0.9925
      Recall: 0.9999
      F1: 0.9962
      AUC: 0.9962
      AP: 0.9924
      Confusion Matrix:
       1258121,   9552
           64, 1259412
    Class 3
      Precision: 0.9975
      Recall: 0.6772
      F1: 0.8067
      AUC: 0.9988
      AP: 0.6755
      Confusion Matrix:
       5351348,  13301
       2550660, 5351738
    Class 4
      Precision: 0.9895
      Recall: 0.9997
      F1: 0.9946
      AUC: 0.9948
      AP: 0.9892
      Confusion Matrix:
       6741855,  71491
         1984, 6741822
    Epoch 14: Accuracy: 0.6811, Precision: 0.6941, Recall: 0.6811, F1: 0.6712, Cohen's Kappa: 0.6396, MCC: 0.7673
    Confusion Matrix:
     6766080,   3062,  18657,   6095, 763178,1655847, 231181,  75002, 396171,  18776
        2457,3378581,   6715,  15459,   7536,1024630,   4276, 147406, 281974,  91444
      130306, 228726,1267988,   9139,  18206, 152205,  47325,   1313,   5491,    978
      245977,    122,1051646,5393316, 807916, 308809,    292,      1,   2043, 108417
       22361,1610718,1543411,      6,6794728,    148,   3470,    225,    475,    568
      758362, 389457, 244900,  17382,   6453,6766003,   5323,   3509,1738028,   4519
      552576,  33503, 869904,  41385,   6133,  39883,3384051,  12082,  12748,  16244
      250762,  14821, 185939,     89, 135921,    307,     80,1269289,   1535,   4844
      530992,  16597,  24362,1222238,   3527, 183565,   2472,    370,5393709, 541284
      329485,   5160,     46,    910,  13958,     15, 162031,    438,2669324,6794695
    Class 0
      Precision: 0.8034
      Recall: 0.8992
      F1: 0.8486
      AUC: 0.9017
      AP: 0.7224
      Confusion Matrix:
       6766080, 1655847
       758362, 6766003
    Class 1
      Precision: 0.9987
      Recall: 0.9902
      F1: 0.9944
      AUC: 0.9994
      AP: 0.9889
      Confusion Matrix:
       3378581,   4276
        33503, 3384051
    Class 2
      Precision: 0.9990
      Recall: 0.8721
      F1: 0.9312
      AUC: 0.9995
      AP: 0.8712
      Confusion Matrix:
       1267988,   1313
       185939, 1269289
    Class 3
      Precision: 0.9996
      Recall: 0.8152
      F1: 0.8981
      AUC: 0.9998
      AP: 0.8149
      Confusion Matrix:
       5393316,   2043
       1222238, 5393709
    Class 4
      Precision: 0.9999
      Recall: 0.9979
      F1: 0.9989
      AUC: 1.0000
      AP: 0.9979
      Confusion Matrix:
       6794728,    568
        13958, 6794695
    Epoch 15: Accuracy: 0.6884, Precision: 0.6736, Recall: 0.6884, F1: 0.6590, Cohen's Kappa: 0.6493, MCC: 0.7690
    Confusion Matrix:
     6838599, 141581, 280952, 132988, 469092,1305008, 315689, 335453,  14731,  99956
          12,3414793,   4320,     92,     53,   6341,  37890,1493169,     23,   3785
      375859,    822,1281578,    162,  11549,    281,    351,   1119, 189689,    267
       69590,  48929,   9873,5451122, 216160,   1751,   5783,  11450,2000059, 103822
      178047,  62579,1416803,1437878,6867554,    424,   9904,    593,   1958,    370
        6372, 552045,1723667,   6187, 755744,6838521,  15649,   2684,  31336,   1731
      210773,  48350,   8080, 124172, 998892,  45263,3420321,  25057,  77510,  10091
      175531,  15438,  24506,  20013,   5295,   4041,   6286,1282893,  10542, 319042
      751201,   2544,1649141,    820,   1068,    170,  51177,  10600,5451519,    876
     1523071, 426099,  42513,  11241, 239085, 490491,  16299, 358276,   1466,6867521
    Class 0
      Precision: 0.8398
      Recall: 0.9991
      F1: 0.9125
      AUC: 0.9199
      AP: 0.8390
      Confusion Matrix:
       6838599, 1305008
         6372, 6838521
    Class 1
      Precision: 0.9890
      Recall: 0.9860
      F1: 0.9875
      AUC: 0.9945
      AP: 0.9752
      Confusion Matrix:
       3414793,  37890
        48350, 3420321
    Class 2
      Precision: 0.9991
      Recall: 0.9812
      F1: 0.9901
      AUC: 0.9996
      AP: 0.9804
      Confusion Matrix:
       1281578,   1119
        24506, 1282893
    Class 3
      Precision: 0.7316
      Recall: 0.9998
      F1: 0.8449
      AUC: 0.8658
      AP: 0.7315
      Confusion Matrix:
       5451122, 2000059
          820, 5451519
    Class 4
      Precision: 0.9999
      Recall: 0.9664
      F1: 0.9829
      AUC: 1.0000
      AP: 0.9663
      Confusion Matrix:
       6867554,    370
       239085, 6867521
    Epoch 16: Accuracy: 0.6928, Precision: 0.7070, Recall: 0.6928, F1: 0.6822, Cohen's Kappa: 0.6528, MCC: 0.7299
    Confusion Matrix:
     6882309,   9222,  29512,2355847, 213192,   3508,    294, 104709, 334247,   1209
        7736,3436619,  23357,  46533,  67060, 806989,  14246,  81611,  67683, 408644
       84043,   8045,1289769,    186, 426262,  19655,  30765,    986,    383,   1583
          33,    290,     40,5485963,2416084,   3205,     81,  12486,    299,     58
       21228,1792256,  82011, 876548,6911449,  55757,  26914,  56292, 144411,   9244
      432660, 108189,1412727, 414175, 375817,6882230,  93270,   4880, 146646,  63342
        5926,      4, 696976,     44,  31733,    151,3442183,  19859, 128280, 643353
      217700,  55275,   8906, 252428,   1594,   4359,   3734,1291093,  28232,    266
           2, 750362, 454357,   2256,   1241, 559185,      2,    180,5486363, 665168
        4890, 349813, 964779, 332123,1348734,   6521,  16419,  38020,   3348,6911415
    Class 0
      Precision: 0.9995
      Recall: 0.9409
      F1: 0.9693
      AUC: 0.9997
      AP: 0.9404
      Confusion Matrix:
       6882309,   3508
       432660, 6882230
    Class 1
      Precision: 0.9959
      Recall: 1.0000
      F1: 0.9979
      AUC: 0.9979
      AP: 0.9959
      Confusion Matrix:
       3436619,  14246
            4, 3442183
    Class 2
      Precision: 0.9992
      Recall: 0.9931
      F1: 0.9962
      AUC: 0.9996
      AP: 0.9924
      Confusion Matrix:
       1289769,    986
         8906, 1291093
    Class 3
      Precision: 0.9999
      Recall: 0.9996
      F1: 0.9998
      AUC: 1.0000
      AP: 0.9995
      Confusion Matrix:
       5485963,    299
         2256, 5486363
    Class 4
      Precision: 0.9987
      Recall: 0.8367
      F1: 0.9105
      AUC: 0.9993
      AP: 0.8356
      Confusion Matrix:
       6911449,   9244
       1348734, 6911415
    Epoch 17: Accuracy: 0.7022, Precision: 0.6865, Recall: 0.7022, F1: 0.6755, Cohen's Kappa: 0.6642, MCC: 0.7167
    Confusion Matrix:
     6975689,  12965, 123260,  19683,  38054, 129281, 558038,2062812,   5449,   8818
       20522,3483247,   1740,   1004,    875,1298552,    969,  16570,  79971,  57028
        6471,    171,1307269,  31704, 450721,    396,  41327,  22335,    453,    830
      374024, 557892, 822108,5560398,  14278,  86298,  42779,     55,   4068, 456639
     2303602,  16733,  17543,  43842,7005224, 357883,   1584, 183262,   3475,  42962
      150202,  21213, 351525, 441399, 391707,6975609, 326886,  25092, 971152, 279151
           3,     18,      7,    418,      2,    371,3488887,1478775,     24,      4
          15,     35,  19903,    638, 199419,      9,   7259,1308610, 306503,  21196
     1609555,  29843,  16505,     16,   1252,     34, 585968,    816,5560803, 114324
         115,      1,      2,      2,   2984, 718867,2245865,   3027,      9,7005190
    Class 0
      Precision: 0.9818
      Recall: 0.9789
      F1: 0.9804
      AUC: 0.9909
      AP: 0.9611
      Confusion Matrix:
       6975689, 129281
       150202, 6975609
    Class 1
      Precision: 0.9997
      Recall: 1.0000
      F1: 0.9999
      AUC: 0.9999
      AP: 0.9997
      Confusion Matrix:
       3483247,    969
           18, 3488887
    Class 2
      Precision: 0.9832
      Recall: 0.9850
      F1: 0.9841
      AUC: 0.9916
      AP: 0.9685
      Confusion Matrix:
       1307269,  22335
        19903, 1308610
    Class 3
      Precision: 0.9993
      Recall: 1.0000
      F1: 0.9996
      AUC: 0.9996
      AP: 0.9993
      Confusion Matrix:
       5560398,   4068
           16, 5560803
    Class 4
      Precision: 0.9939
      Recall: 0.9996
      F1: 0.9967
      AUC: 0.9970
      AP: 0.9935
      Confusion Matrix:
       7005224,  42962
         2984, 7005190
    Epoch 18: Accuracy: 0.7067, Precision: 0.6801, Recall: 0.7067, F1: 0.6809, Cohen's Kappa: 0.6693, MCC: 0.6942
    Confusion Matrix:
     7020392, 893319,  48469,  26482,  65801,1810234,  35968,  24796,   4953,   3635
        6147,3505569, 484605, 374682,  46665,  12864, 457312,  12027,    957,  59650
         526,   1329,1315647,    476,  79480,   3681,  79562, 162910, 215564,   2502
      272286,    218,      5,5596031, 936350, 761941,    287, 348191,   3229,      1
       50783, 213349, 113549,2542536,7050116,    252,    423,    202,    307,   4593
        4336, 938875,  18679, 271655, 181683,7020312, 473528,1009050,  13170,   2648
      358599,   6213,   1907,   7826,  24089,   5450,3511245, 920181, 132025,    974
       24136,   2127,   5540,   5898,   2116,   7147,   9205,1316996,  13893, 476529
       65475, 616327,  31208, 294291, 142959,  50149,1008758,  24329,5596439,  89181
        9320,   1985,  18578,  26718,  29848, 170389,1495165,  19151,1154825,7050083
    Class 0
      Precision: 0.7950
      Recall: 0.9994
      F1: 0.8856
      AUC: 0.8975
      AP: 0.7945
      Confusion Matrix:
       7020392, 1810234
         4336, 7020312
    Class 1
      Precision: 0.8846
      Recall: 0.9982
      F1: 0.9380
      AUC: 0.9424
      AP: 0.8830
      Confusion Matrix:
       3505569, 457312
         6213, 3511245
    Class 2
      Precision: 0.8898
      Recall: 0.9958
      F1: 0.9398
      AUC: 0.9450
      AP: 0.8861
      Confusion Matrix:
       1315647, 162910
         5540, 1316996
    Class 3
      Precision: 0.9994
      Recall: 0.9500
      F1: 0.9741
      AUC: 0.9997
      AP: 0.9495
      Confusion Matrix:
       5596031,   3229
       294291, 5596439
    Class 4
      Precision: 0.9993
      Recall: 0.9958
      F1: 0.9976
      AUC: 0.9997
      AP: 0.9951
      Confusion Matrix:
       7050116,   4593
        29848, 7050083
    Epoch 19: Accuracy: 0.7125, Precision: 0.7193, Recall: 0.7125, F1: 0.7019, Cohen's Kappa: 0.6747, MCC: 0.7371
    Confusion Matrix:
     7078009,  31558,  88593,  11177,    686, 378766,  13622,    101,2248418,  83119
      278422,3534340,  27781,   1745,  52227, 107274, 556640,   5290,    360, 396399
        2758,   2325,1326444,  17014,   7438,   7047, 478721,   3899,  14558,   1473
      443929,   5026,  44309,5641959, 202764,   7753,   8581,1546361,  16039,   1818
         494,   1877,     43,2220198,7107978,  24630,  55871, 564377,    173,    469
          33,   1496,     22, 980439,   1238,7077929,   5526, 334505,1531659,   1089
      210398,  29273,    910,   1114,   7896,   5753,3540062,    910,    149,1172044
        7523,     31,     11,      5, 522869,     58,   5280,1327805,      2,      3
     1299944,   3911, 408433, 127304,  11425, 171223,  86900, 166302,5642370,   1304
         179,    136,     19,2635033, 180234,  26556,  22529,   2359,   1073,7107944
    Class 0
      Precision: 0.9492
      Recall: 1.0000
      F1: 0.9739
      AUC: 0.9746
      AP: 0.9492
      Confusion Matrix:
       7078009, 378766
           33, 7077929
    Class 1
      Precision: 0.8639
      Recall: 0.9918
      F1: 0.9235
      AUC: 0.9321
      AP: 0.8568
      Confusion Matrix:
       3534340, 556640
        29273, 3540062
    Class 2
      Precision: 0.9971
      Recall: 1.0000
      F1: 0.9985
      AUC: 0.9985
      AP: 0.9971
      Confusion Matrix:
       1326444,   3899
           11, 1327805
    Class 3
      Precision: 0.9972
      Recall: 0.9779
      F1: 0.9875
      AUC: 0.9986
      AP: 0.9752
      Confusion Matrix:
       5641959,  16039
       127304, 5642370
    Class 4
      Precision: 0.9999
      Recall: 0.9753
      F1: 0.9874
      AUC: 1.0000
      AP: 0.9752
      Confusion Matrix:
       7107978,    469
       180234, 7107944
    Epoch 20: Accuracy: 0.7181, Precision: 0.6888, Recall: 0.7181, F1: 0.6846, Cohen's Kappa: 0.6822, MCC: 0.7417
    Confusion Matrix:
     7133640,   1258,  13113, 503493,  31464,     16,    104,2218800,  27746,   4415
      129818,3562119,   6939, 331506,  91357, 113746, 228931, 478002,  15618,   2442
         396,    799,1336870,  14984, 289198,   3707,  45703,   9042, 160098,    880
         200,   1162,  44620,5686302, 392893,  13650,1736187,  29489,  13016,   1020
      342108, 201933, 286616,   6315,7163844,1700384,    309, 241642,   2561,  30398
     1820533, 330066,  23908,   1863, 293183,7133559,   2871, 308789,   4471,  14693
       35439,    224,   6388, 558420,  15817, 778989,3567886,   1154,   2587,   1605
      432394,    213,   2835,  12345,   9534,     19,  28949,1338241,   2004,  37053
      133842,   3468,1912521, 147639,  11983,  13821,   2349,   6348,5686717,    428
       17685,    418,     30,   1820,     55,      2,      1,    641,2791600,7163810
    Class 0
      Precision: 1.0000
      Recall: 0.7967
      F1: 0.8868
      AUC: 1.0000
      AP: 0.7967
      Confusion Matrix:
       7133640,     16
       1820533, 7133559
    Class 1
      Precision: 0.9396
      Recall: 0.9999
      F1: 0.9688
      AUC: 0.9699
      AP: 0.9396
      Confusion Matrix:
       3562119, 228931
          224, 3567886
    Class 2
      Precision: 0.9933
      Recall: 0.9979
      F1: 0.9956
      AUC: 0.9966
      AP: 0.9912
      Confusion Matrix:
       1336870,   9042
         2835, 1338241
    Class 3
      Precision: 0.9977
      Recall: 0.9747
      F1: 0.9861
      AUC: 0.9989
      AP: 0.9725
      Confusion Matrix:
       5686302,  13016
       147639, 5686717
    Class 4
      Precision: 0.9958
      Recall: 1.0000
      F1: 0.9979
      AUC: 0.9979
      AP: 0.9958
      Confusion Matrix:
       7163844,  30398
           55, 7163810