Ablation Type: additive_fusion
==================================================
Epoch Results:
    Epoch 1: Accuracy: 0.5214, Precision: 0.5199, Recall: 0.5214, F1: 0.5018, Cohen's Kappa: 0.4601, MCC: 0.5395
    Confusion Matrix:
     5179613,   1561,  48597,2245495,  14764, 162362,1300125, 339142, 157865, 484525
     1745317,2586393,    216, 126954, 498226,   1886,   1039,    310,     34,    103
      172166,    462, 970678,   2819,   5478,   3686, 348579,   3420,  59639, 294750
       74257, 311696, 116877,4128726,  56043,1077524, 115460,1332247,  65847, 639862
      355042,2036243,  59430,   2207,5201543,1929163, 102920,  46521,   7232, 235809
       20227,  35077,1034361, 100954, 110730,5179554,   5470, 370723,  10380,3066460
     2126202,      1, 243821,      2,      4,   3650,2590580,      1,   2383,   1865
       38853,   3422,  17244, 424699,  92183,  16248,  74283, 971674,  91874, 133107
      110010, 259386, 445126, 510723,   1233,1670700,   5318, 785337,4129027,   2256
       64020,1563869, 188601, 878806, 309728,1058258, 142240, 554522,  14500,5201518
    Class 0
      Precision: 0.9696
      Recall: 0.9961
      F1: 0.9827
      AUC: 0.9848
      AP: 0.9658
      Confusion Matrix:
       5179613, 162362
        20227, 5179554
    Class 1
      Precision: 0.9996
      Recall: 1.0000
      F1: 0.9998
      AUC: 0.9998
      AP: 0.9996
      Confusion Matrix:
       2586393,   1039
            1, 2590580
    Class 2
      Precision: 0.9965
      Recall: 0.9825
      F1: 0.9895
      AUC: 0.9982
      AP: 0.9791
      Confusion Matrix:
       970678,   3420
        17244, 971674
    Class 3
      Precision: 0.9843
      Recall: 0.8899
      F1: 0.9347
      AUC: 0.9922
      AP: 0.8759
      Confusion Matrix:
       4128726,  65847
       510723, 4129027
    Class 4
      Precision: 0.9566
      Recall: 0.9438
      F1: 0.9502
      AUC: 0.9783
      AP: 0.9029
      Confusion Matrix:
       5201543, 235809
       309728, 5201518
    Epoch 2: Accuracy: 0.5225, Precision: 0.5260, Recall: 0.5225, F1: 0.5034, Cohen's Kappa: 0.4630, MCC: 0.5271
    Confusion Matrix:
     5190540,  20046, 174687, 787171,   8650, 807079,1391695,1240216,  32133, 281832
        4454,2591849,    437,1950601,  13987,   1015,    394,   2016, 387494,   8231
       23504,    885, 972726,    484,    149,   6627,  70861, 502751, 273330,  10360
       34336, 146359,  55909,4137436,  58449,   6195, 299011,1814523,1358503,   7818
      699034,  14446, 121328, 141419,5212517, 447512,  27151,  84936,3206695,  21072
     1964147,  23762,  35940,1399928,  50833,5190481,  76570, 108574,1015064,  68637
        2085,1946501, 110713, 146289,     26,   7158,2596045,  10001,   6289, 143402
        1806, 226858,   2323,   9628,  33241,    693,   1225, 973724, 613117,    972
        5788, 974894,  16611, 872411,  13492, 405765,   6047, 376797,4137738,1109573
     3019597,   1078,1241151,  76444, 397306,  10601,    140,   3189,  14064,5212492
    Class 0
      Precision: 0.8654
      Recall: 0.7255
      F1: 0.7893
      AUC: 0.9327
      AP: 0.6278
      Confusion Matrix:
       5190540, 807079
       1964147, 5190481
    Class 1
      Precision: 0.9998
      Recall: 0.5711
      F1: 0.7270
      AUC: 0.9999
      AP: 0.5710
      Confusion Matrix:
       2591849,    394
       1946501, 2596045
    Class 2
      Precision: 0.6593
      Recall: 0.9976
      F1: 0.7939
      AUC: 0.8297
      AP: 0.6577
      Confusion Matrix:
       972726, 502751
         2323, 973724
    Class 3
      Precision: 0.7528
      Recall: 0.8259
      F1: 0.7876
      AUC: 0.8764
      AP: 0.6217
      Confusion Matrix:
       4137436, 1358503
       872411, 4137738
    Class 4
      Precision: 0.9960
      Recall: 0.9292
      F1: 0.9614
      AUC: 0.9980
      AP: 0.9254
      Confusion Matrix:
       5212517,  21072
       397306, 5212492
    Epoch 3: Accuracy: 0.5246, Precision: 0.5224, Recall: 0.5246, F1: 0.5095, Cohen's Kappa: 0.4618, MCC: 0.5342
    Confusion Matrix:
     5211402,    702, 540083, 145213,   7428,4013393,    278,   1395,   5279,   8876
       41049,2602266, 534788,   2208,     21,   7367,    188,  19604,1205136, 547851
       85673,   1407, 976635, 344382, 163212, 277520,   1708,      1,   4451,   6688
         759,  42931,   2238,4154065,2219858, 200249, 266605, 870300, 156245,   5289
      335948,   5034, 414707, 537740,5233467,1338116,  45844,  18272,2044000,   2982
       78541, 721780,  34362, 510877,  25208,5211342,   5954,2077428, 146374,1122070
        4533,  92883,1107648, 805437,    721, 313102,2606479,  17530,   8711,  11465
      360789,   4100,   8869,    825,  12724,  60786, 318276, 977637,   2909, 116672
     2572881, 130034,  73488,  12547,  11204,   3689, 399418,  54756,4154368, 506731
     1065192,     67,   3083,    289,3381182,   4861, 273485,  14245,    216,5233442
    Class 0
      Precision: 0.5649
      Recall: 0.9852
      F1: 0.7181
      AUC: 0.7825
      AP: 0.5565
      Confusion Matrix:
       5211402, 4013393
        78541, 5211342
    Class 1
      Precision: 0.9999
      Recall: 0.9655
      F1: 0.9824
      AUC: 1.0000
      AP: 0.9655
      Confusion Matrix:
       2602266,    188
        92883, 2606479
    Class 2
      Precision: 1.0000
      Recall: 0.9910
      F1: 0.9955
      AUC: 1.0000
      AP: 0.9910
      Confusion Matrix:
       976635,      1
         8869, 977637
    Class 3
      Precision: 0.9638
      Recall: 0.9970
      F1: 0.9801
      AUC: 0.9819
      AP: 0.9608
      Confusion Matrix:
       4154065, 156245
        12547, 4154368
    Class 4
      Precision: 0.9994
      Recall: 0.6075
      F1: 0.7557
      AUC: 0.9997
      AP: 0.6072
      Confusion Matrix:
       5233467,   2982
       3381182, 5233442
    Epoch 4: Accuracy: 0.5233, Precision: 0.5449, Recall: 0.5233, F1: 0.5043, Cohen's Kappa: 0.4647, MCC: 0.5262
    Confusion Matrix:
     5198487,   6948, 271376,   2123, 607736,1011087, 240040,2595008,    423,    821
       25660,2595818,  64355,  10879, 335862, 480058, 919866, 472779,   9442,  45759
        1330,    828, 974215, 228141,    367, 112001,    332, 515162,  27653,   1648
        2300,     20,   5455,4143771,  60273,   3678,   4239,    482,3573737, 124584
        4581,   3721, 109997,   1063,5220498,2689246, 538826,    352,   2347,1405479
         618,   7725, 994139, 180767,  74798,5198428,1468803,   2730,1703572, 302356
          34, 152252,  83761,   1884, 217032,    635,2600020, 188444,1724435,     12
        1993,  41295,  23419,  17932,   7255,   1873, 613517, 975215,  10824, 170264
      125828,  59921,  11724,2609499,  14005,  23363, 762683,  23132,4144073, 144888
       99912, 313070,1232267,   1587,  38100,2355915,   2260, 711424,   1054,5220473
    Class 0
      Precision: 0.8372
      Recall: 0.9999
      F1: 0.9113
      AUC: 0.9186
      AP: 0.8371
      Confusion Matrix:
       5198487, 1011087
          618, 5198428
    Class 1
      Precision: 0.7384
      Recall: 0.9446
      F1: 0.8288
      AUC: 0.8693
      AP: 0.6974
      Confusion Matrix:
       2595818, 919866
       152252, 2600020
    Class 2
      Precision: 0.6541
      Recall: 0.9765
      F1: 0.7834
      AUC: 0.8272
      AP: 0.6388
      Confusion Matrix:
       974215, 515162
        23419, 975215
    Class 3
      Precision: 0.5369
      Recall: 0.6136
      F1: 0.5727
      AUC: 0.7685
      AP: 0.3295
      Confusion Matrix:
       4143771, 3573737
       2609499, 4144073
    Class 4
      Precision: 0.7879
      Recall: 0.9928
      F1: 0.8785
      AUC: 0.8939
      AP: 0.7822
      Confusion Matrix:
       5220498, 1405479
        38100, 5220473
    Epoch 5: Accuracy: 0.5262, Precision: 0.5161, Recall: 0.5262, F1: 0.5106, Cohen's Kappa: 0.4650, MCC: 0.5171
    Confusion Matrix:
     5227296,1013515,   2963,1228220, 575751, 935954, 931634,   8237,   9744,    735
      103192,2610203,   6369,   7765, 466351,   2427,  25622,1727986,   1757,   8806
       13001, 534873, 979614,  19907,   4044, 235377,   2665,  10219,  10429,  51548
     1349313, 293346, 130949,4166735,   8068,  41742,  40192,   7882,  11510,1868802
          87,   5078,     91,    782,5249429, 187284,     86,   7918,4497715,  27640
       12867,  32395,   4726, 238339,   3147,5227237,    155,1676163,  28154,2710753
        9680,   3236, 844809, 195096,1154933,   1674,2614429,  81882,  29524,  33246
       11706, 251377, 159913, 260199,  10961,    559,   5965, 980619,   9357, 172931
      388647,   4276,     51,1910192, 245601, 184240, 990437,     12,4167038,  28622
     1918659, 248228,  14737,  96243,  44158, 349029,  24589,  12444,2018572,5249403
    Class 0
      Precision: 0.8481
      Recall: 0.9975
      F1: 0.9168
      AUC: 0.9241
      AP: 0.8461
      Confusion Matrix:
       5227296, 935954
        12867, 5227237
    Class 1
      Precision: 0.9903
      Recall: 0.9988
      F1: 0.9945
      AUC: 0.9951
      AP: 0.9891
      Confusion Matrix:
       2610203,  25622
         3236, 2614429
    Class 2
      Precision: 0.9897
      Recall: 0.8597
      F1: 0.9201
      AUC: 0.9948
      AP: 0.8508
      Confusion Matrix:
       979614,  10219
       159913, 980619
    Class 3
      Precision: 0.9972
      Recall: 0.6857
      F1: 0.8126
      AUC: 0.9986
      AP: 0.6838
      Confusion Matrix:
       4166735,  11510
       1910192, 4167038
    Class 4
      Precision: 0.9948
      Recall: 0.9917
      F1: 0.9932
      AUC: 0.9974
      AP: 0.9865
      Confusion Matrix:
       5249429,  27640
        44158, 5249403
    Epoch 6: Accuracy: 0.5265, Precision: 0.5694, Recall: 0.5265, F1: 0.5200, Cohen's Kappa: 0.4681, MCC: 0.5356
    Confusion Matrix:
     5230276,3603017,    154,    188, 151008,  19023,  83108, 806251,    117,  40907
     1788056,2611691,  22950,   3421, 181908,   5726,  61100,   9917, 250412,  25297
        3494, 441260, 980172,    917,   3230,   8127,  22584,   8692,  57641, 335560
       22648,1837988,   2410,4169110, 374333, 864742,  14133,   4000,    103, 629072
     2459341,     80,    248,   3128,5252421,1138902, 318708, 803095,     93,     94
      308027,  30938, 872999, 144861, 223669,5230217, 243496,2353073,  13179, 513477
          74,    892,     43,   8742,   3066, 567462,2615919,1027160, 418282, 326869
        1183,    560,   1594,    454,    645, 804124,    158, 981178,   6991,  66700
        1619, 314488,   1298,    377, 173407,     12,    191,     36,4169414,3258274
        6814,2811624,   3748,  23578,   2725, 502917, 635819,  36946, 699495,5252396
    Class 0
      Precision: 0.9964
      Recall: 0.9444
      F1: 0.9697
      AUC: 0.9982
      AP: 0.9410
      Confusion Matrix:
       5230276,  19023
       308027, 5230217
    Class 1
      Precision: 0.9771
      Recall: 0.9997
      F1: 0.9883
      AUC: 0.9886
      AP: 0.9768
      Confusion Matrix:
       2611691,  61100
          892, 2615919
    Class 2
      Precision: 0.9912
      Recall: 0.9984
      F1: 0.9948
      AUC: 0.9956
      AP: 0.9896
      Confusion Matrix:
       980172,   8692
         1594, 981178
    Class 3
      Precision: 1.0000
      Recall: 0.9999
      F1: 0.9999
      AUC: 1.0000
      AP: 0.9999
      Confusion Matrix:
       4169110,    103
          377, 4169414
    Class 4
      Precision: 1.0000
      Recall: 0.9995
      F1: 0.9997
      AUC: 1.0000
      AP: 0.9995
      Confusion Matrix:
       5252421,     94
         2725, 5252396
    Epoch 7: Accuracy: 0.5312, Precision: 0.5473, Recall: 0.5312, F1: 0.5272, Cohen's Kappa: 0.4711, MCC: 0.5490
    Confusion Matrix:
     5276966,  18998, 269062,     47, 534262,  29611,3218504, 446968,  10927, 128704
       37263,2635005,   4354,   6888,  18915, 163091,1137140,   5272, 285494, 667056
       20664, 172248, 988922,   7334,   1622, 104322,  18202,  50769,  28711, 468883
          16,    729,     65,4206327,  20102,    136,   9939,     12,3681204,      9
       60817,   6883,  40275, 135926,5299309,2615054,1178677,    632,   4294, 634243
       86657,2021248, 210910, 815243,    857,5276906, 760647, 255038, 141620, 364810
     2072079,     46,  94989,   2455,  25468,     13,2639271,      3, 134043,    142
         891,    398,    144, 357678,     74,  26748, 155534, 989937, 328532,   3651
      407143,  91327, 130076,  34123, 128899,2779135,  11932,  85798,4206634,  44049
      283641,2646634, 240679, 164996, 561682, 746918,  19886,   6418,   5924,5299284
    Class 0
      Precision: 0.9944
      Recall: 0.9838
      F1: 0.9891
      AUC: 0.9972
      AP: 0.9784
      Confusion Matrix:
       5276966,  29611
        86657, 5276906
    Class 1
      Precision: 0.6985
      Recall: 1.0000
      F1: 0.8225
      AUC: 0.8494
      AP: 0.6985
      Confusion Matrix:
       2635005, 1137140
           46, 2639271
    Class 2
      Precision: 0.9512
      Recall: 0.9999
      F1: 0.9749
      AUC: 0.9756
      AP: 0.9510
      Confusion Matrix:
       988922,  50769
          144, 989937
    Class 3
      Precision: 0.5333
      Recall: 0.9920
      F1: 0.6937
      AUC: 0.7667
      AP: 0.5290
      Confusion Matrix:
       4206327, 3681204
        34123, 4206634
    Class 4
      Precision: 0.8931
      Recall: 0.9042
      F1: 0.8986
      AUC: 0.9466
      AP: 0.8075
      Confusion Matrix:
       5299309, 634243
       561682, 5299284
    Epoch 8: Accuracy: 0.5315, Precision: 0.5283, Recall: 0.5315, F1: 0.5059, Cohen's Kappa: 0.4740, MCC: 0.5362
    Confusion Matrix:
     5279947,  74227, 144048,  14199,  37677, 347799, 480421,2671997, 876108,   7626
      165325,2636494,  65007,  20735, 997519,   8006,   2465, 161089,    798, 903040
       66083,  34473, 989481, 607113, 121284,  43104,      5,      1,      2,    131
      113850,  23894,   3051,4208703,     16,   5792, 136643,  21209,3400969,   4412
      620500,  65933,3590119,  47409,5302302,    982,   1238,   2832, 340644,   4151
     2070468,    208,    723,   1340,    198,5279886,2533322,  45538,   1222,   1031
       79156,      8,     23,   3616,2225469,      1,2640762,   7105,  12361,      8
         299,   3826,   2925,     19, 135746,     97, 422696, 990496,    800, 306683
      318915, 189871, 716338,  40361, 247363,1587973,   2164, 502473,4209010, 104648
       14926, 181025,  10724,2845855, 926897, 194690,  87132, 394731,  17806,5302276
    Class 0
      Precision: 0.9382
      Recall: 0.7183
      F1: 0.8137
      AUC: 0.9691
      AP: 0.6739
      Confusion Matrix:
       5279947, 347799
       2070468, 5279886
    Class 1
      Precision: 0.9991
      Recall: 1.0000
      F1: 0.9995
      AUC: 0.9995
      AP: 0.9991
      Confusion Matrix:
       2636494,   2465
            8, 2640762
    Class 2
      Precision: 1.0000
      Recall: 0.9971
      F1: 0.9985
      AUC: 1.0000
      AP: 0.9971
      Confusion Matrix:
       989481,      1
         2925, 990496
    Class 3
      Precision: 0.5531
      Recall: 0.9905
      F1: 0.7098
      AUC: 0.7765
      AP: 0.5478
      Confusion Matrix:
       4208703, 3400969
        40361, 4209010
    Class 4
      Precision: 0.9992
      Recall: 0.8512
      F1: 0.9193
      AUC: 0.9996
      AP: 0.8505
      Confusion Matrix:
       5302302,   4151
       926897, 5302276
    Epoch 9: Accuracy: 0.5317, Precision: 0.5543, Recall: 0.5317, F1: 0.5213, Cohen's Kappa: 0.4699, MCC: 0.5167
    Confusion Matrix:
     5281933,     33,3052724,    317,    574,    971, 246481, 102648,1240276,   8092
        1663,2637486,   3574,  24978, 329801,1768720,  23063,  77087,  91032,   3074
      629769,  33777, 989853, 101116,   8428,   1223,  11033,  47613,  25423,  13442
      981742,   4877,   3224,4210287, 725498, 127544,  31590,  12822,1130096, 690859
     1592376, 119847,   8699, 354149,5304297, 161091,   7625,  11854,1314905,1101267
      361090,  12208,  95071, 226321,1824705,5281873, 575467,  13045, 553691, 990465
      726019,  28090,  13580, 358163,   5407,   4221,2641756,   8758,1168219,  14296
      548857,   3272,   2192,   9674, 107559,  98697,   1714, 990869,    328, 100425
        7423, 140919, 123717,   9444,  43171, 984603,    312,2393789,4210593,   5145
      340812,   7787,  86532,  12918,  39302,3850590,   5836, 145204, 182809,5304272
    Class 0
      Precision: 0.9998
      Recall: 0.9360
      F1: 0.9669
      AUC: 0.9999
      AP: 0.9358
      Confusion Matrix:
       5281933,    971
       361090, 5281873
    Class 1
      Precision: 0.9913
      Recall: 0.9895
      F1: 0.9904
      AUC: 0.9957
      AP: 0.9809
      Confusion Matrix:
       2637486,  23063
        28090, 2641756
    Class 2
      Precision: 0.9541
      Recall: 0.9978
      F1: 0.9755
      AUC: 0.9771
      AP: 0.9520
      Confusion Matrix:
       989853,  47613
         2192, 990869
    Class 3
      Precision: 0.7884
      Recall: 0.9978
      F1: 0.8808
      AUC: 0.8942
      AP: 0.7866
      Confusion Matrix:
       4210287, 1130096
         9444, 4210593
    Class 4
      Precision: 0.8281
      Recall: 0.9926
      F1: 0.9029
      AUC: 0.9140
      AP: 0.8220
      Confusion Matrix:
       5304297, 1101267
        39302, 5304272
    Epoch 10: Accuracy: 0.5329, Precision: 0.5138, Recall: 0.5329, F1: 0.5030, Cohen's Kappa: 0.4759, MCC: 0.5331
    Confusion Matrix:
     5293854,     24,    162,  12944,    346,    278,4279443, 309332,     27,  37639
        8861,2643438,     46, 751667,1500174,  13490,    387,  42278,     24,    113
        1097,    399, 992087, 148807, 457996,    141,   1144, 252433,   2236,   5337
      402080,   3211,   1971,4219789,  21107,   7831,    259,2277169,   2181, 982941
      217177,   1670,3347488, 268038,5316269, 464615,    927,     18, 358186,   1722
     1758005,  53270,    807,2670301,    355,5293794,    344,  32207, 124516,    337
       40499,  33933,   9914,  22127,  11844,  52754,2647718,  20702,2054586,  74432
      172089,   1395, 218498,  15210, 197794, 200014,  61496, 993105,   3732,    254
        4195,1969433, 716353, 273538, 635121,   1752,    383,  95733,4220096,   2512
      797240, 114659,  17935, 995393,1022195,1617485,  45346,  44441,   5125,5316243
    Class 0
      Precision: 0.9999
      Recall: 0.7507
      F1: 0.8576
      AUC: 1.0000
      AP: 0.7507
      Confusion Matrix:
       5293854,    278
       1758005, 5293794
    Class 1
      Precision: 0.9999
      Recall: 0.9873
      F1: 0.9936
      AUC: 0.9999
      AP: 0.9872
      Confusion Matrix:
       2643438,    387
        33933, 2647718
    Class 2
      Precision: 0.7972
      Recall: 0.8195
      F1: 0.8082
      AUC: 0.8987
      AP: 0.6533
      Confusion Matrix:
       992087, 252433
       218498, 993105
    Class 3
      Precision: 0.9995
      Recall: 0.9391
      F1: 0.9684
      AUC: 0.9997
      AP: 0.9386
      Confusion Matrix:
       4219789,   2181
       273538, 4220096
    Class 4
      Precision: 0.9997
      Recall: 0.8387
      F1: 0.9122
      AUC: 0.9998
      AP: 0.8385
      Confusion Matrix:
       5316269,   1722
       1022195, 5316243
    Epoch 11: Accuracy: 0.5375, Precision: 0.5926, Recall: 0.5375, F1: 0.5469, Cohen's Kappa: 0.4740, MCC: 0.5287
    Confusion Matrix:
     5339551,   9635,    442,  10818,    949,4088884,  41538, 232159,   1655, 208418
       11514,2666256, 220037,    187, 142839,1916699,   2432,    499,     13,      2
       61820,  64650,1000651, 126735, 176779, 248216, 175903,    867,   5904,    152
        9912,   7856,  43028,4256214,  49924,  24374,  12782,  15674,  37092,3461683
     1263458,  94775, 111268,   1208,5362159,    753,  79482,  60185,3002158,    664
       33451,  17901,   1281, 200607,    639,5339490,    675,  45503,  13172,4281217
     2017420,     38,     97,  50663,    120, 218412,2670573,    645,   9591,    950
       12254, 248413,  22943,  35961,  10033,  15450,  77167,1001678, 408628,  31060
        7873,  39806,  12806,1141712,2001856, 395837,  14839,  42760,4256524,   5103
           1,     68,3119984,1249521,     41,    190,    110,    485, 243529,5362133
    Class 0
      Precision: 0.5663
      Recall: 0.9938
      F1: 0.7215
      AUC: 0.7832
      AP: 0.5628
      Confusion Matrix:
       5339551, 4088884
        33451, 5339490
    Class 1
      Precision: 0.9991
      Recall: 1.0000
      F1: 0.9995
      AUC: 0.9995
      AP: 0.9991
      Confusion Matrix:
       2666256,   2432
           38, 2670573
    Class 2
      Precision: 0.9991
      Recall: 0.9776
      F1: 0.9882
      AUC: 0.9996
      AP: 0.9767
      Confusion Matrix:
       1000651,    867
        22943, 1001678
    Class 3
      Precision: 0.9914
      Recall: 0.7885
      F1: 0.8784
      AUC: 0.9957
      AP: 0.7817
      Confusion Matrix:
       4256214,  37092
       1141712, 4256524
    Class 4
      Precision: 0.9999
      Recall: 1.0000
      F1: 0.9999
      AUC: 0.9999
      AP: 0.9999
      Confusion Matrix:
       5362159,    664
           41, 5362133
    Epoch 12: Accuracy: 0.5379, Precision: 0.5527, Recall: 0.5379, F1: 0.5128, Cohen's Kappa: 0.4839, MCC: 0.5228
    Confusion Matrix:
     5343524,    760,1938400,  18451,      9,2256380,     50,   4610, 371799,     66
       13120,2668241,    277,   1863, 208679,     62,      5,     44, 137751,1930436
      354224, 213206,1001396,  61828,  14010, 114949,    551,   2101,  96551,   2861
     2606993,   9415,  30370,4259382, 956425,    771,    262,  43415,  10302,   1204
        8450,     99,3962378, 264522,5366149,   5225,    915,   7473, 351404,   9495
       48266,  37593,  37659,  14040,  30345,5343464,  21941,4072435,   2682, 325511
       37921, 145507,    835,1339133,    482, 759316,2672560,   2915,   9104,    736
         521, 130348,  30125,  33769, 288983,  37891,    329,1002423,     35, 339163
        6701,2459684,   3595, 106992,     11, 823652,    755,  61389,4259692, 196645
       27926,1678479, 312978,  60934,    487,  94388, 480722,1092091, 861934,5366123
    Class 0
      Precision: 0.7031
      Recall: 0.9910
      F1: 0.8226
      AUC: 0.8516
      AP: 0.6968
      Confusion Matrix:
       5343524, 2256380
        48266, 5343464
    Class 1
      Precision: 1.0000
      Recall: 0.9483
      F1: 0.9735
      AUC: 1.0000
      AP: 0.9483
      Confusion Matrix:
       2668241,      5
       145507, 2672560
    Class 2
      Precision: 0.9979
      Recall: 0.9708
      F1: 0.9842
      AUC: 0.9990
      AP: 0.9688
      Confusion Matrix:
       1001396,   2101
        30125, 1002423
    Class 3
      Precision: 0.9976
      Recall: 0.9755
      F1: 0.9864
      AUC: 0.9988
      AP: 0.9731
      Confusion Matrix:
       4259382,  10302
       106992, 4259692
    Class 4
      Precision: 0.9982
      Recall: 0.9999
      F1: 0.9991
      AUC: 0.9991
      AP: 0.9981
      Confusion Matrix:
       5366149,   9495
          487, 5366123
    Epoch 13: Accuracy: 0.5383, Precision: 0.5610, Recall: 0.5383, F1: 0.5237, Cohen's Kappa: 0.4838, MCC: 0.5463
    Confusion Matrix:
     5347498, 452812, 135471, 491601,  27235, 277099,2869216, 284978,  32858,  15281
       23105,2670225,  38023,   1212,  32000,  32259,   2108,1896484, 255664,   9398
       89802, 154340,1002140,    652,   3421,   3985,  19008,   4423,  80503, 503403
       74806,  27278, 226328,4262549,1066442,  68099, 188736,1880388,  52561,  71352
         675,   2149, 319678,1469134,5370140,    544,    868,2789143,     50,  23729
      392688,1540868,  69851,  35305,1290218,5347437,    108,1250740,   6616,    105
      920605,  50863,     89,  46138,  27425,1051037,2674548,     17,     25, 197762
         217,   8561,   1182,  11863, 284166,     51,  91876,1003168,     20, 462483
       26747,  74313, 203489,2669767,  35212, 414431, 187251,   1290,4262860,  43756
      567984,1254196,  10607,1542054,  17347,1177280,   3178,  24905,   8397,5370114
    Class 0
      Precision: 0.9507
      Recall: 0.9316
      F1: 0.9411
      AUC: 0.9754
      AP: 0.8857
      Confusion Matrix:
       5347498, 277099
       392688, 5347437
    Class 1
      Precision: 0.9992
      Recall: 0.9813
      F1: 0.9902
      AUC: 0.9996
      AP: 0.9805
      Confusion Matrix:
       2670225,   2108
        50863, 2674548
    Class 2
      Precision: 0.9956
      Recall: 0.9988
      F1: 0.9972
      AUC: 0.9978
      AP: 0.9944
      Confusion Matrix:
       1002140,   4423
         1182, 1003168
    Class 3
      Precision: 0.9878
      Recall: 0.6149
      F1: 0.7580
      AUC: 0.9939
      AP: 0.6074
      Confusion Matrix:
       4262549,  52561
       2669767, 4262860
    Class 4
      Precision: 0.9956
      Recall: 0.9968
      F1: 0.9962
      AUC: 0.9978
      AP: 0.9924
      Confusion Matrix:
       5370140,  23729
        17347, 5370114
    Epoch 14: Accuracy: 0.5421, Precision: 0.5282, Recall: 0.5421, F1: 0.5103, Cohen's Kappa: 0.4879, MCC: 0.5606
    Confusion Matrix:
     5385247, 149035, 201826, 211137, 102693,   5449,3080167, 761951,   6976,  29568
       55324,2689075,     96,   6260,   1053,   1866, 759101,    121, 110351,1337231
      147943,  66357,1009215, 310923,   1691,  10341,  18395, 111555, 183848,   1409
      310647, 188821,1039179,4292639, 246156, 296518, 252369, 133248, 593426, 565536
        2698,2180887,      4,1870188,5408049,   1410,    131,    722,   1513, 510508
       28518,1806909, 247488, 779257, 586313,5385186, 105257, 951459,  19629,  23920
       58245,   4937,  15025,  24248,  30798, 819954,2693428, 509913,  11430, 800531
      362078, 229616,   9239,  45376, 192710,  12195,   1676,1010250,    446,      1
      434844,    907,3082465,   1961,     53,  22586,  77406,    159,4292952,   5783
       45886,  57729,   1910,   3532,  16048,  46601, 339449,   6742,4050142,5408023
    Class 0
      Precision: 0.9990
      Recall: 0.9947
      F1: 0.9969
      AUC: 0.9995
      AP: 0.9937
      Confusion Matrix:
       5385247,   5449
        28518, 5385186
    Class 1
      Precision: 0.7799
      Recall: 0.9982
      F1: 0.8756
      AUC: 0.8901
      AP: 0.7784
      Confusion Matrix:
       2689075, 759101
         4937, 2693428
    Class 2
      Precision: 0.9005
      Recall: 0.9909
      F1: 0.9435
      AUC: 0.9503
      AP: 0.8923
      Confusion Matrix:
       1009215, 111555
         9239, 1010250
    Class 3
      Precision: 0.8785
      Recall: 0.9995
      F1: 0.9351
      AUC: 0.9393
      AP: 0.8781
      Confusion Matrix:
       4292639, 593426
         1961, 4292952
    Class 4
      Precision: 0.9137
      Recall: 0.9970
      F1: 0.9536
      AUC: 0.9569
      AP: 0.9110
      Confusion Matrix:
       5408049, 510508
        16048, 5408023
    Epoch 15: Accuracy: 0.5426, Precision: 0.6222, Recall: 0.5426, F1: 0.5519, Cohen's Kappa: 0.4832, MCC: 0.5538
    Confusion Matrix:
     5390214,   9002,   5660,  58615, 294468,  30498, 272223, 336448,3523374,  13547
      980030,2691555,   4666,   2290,   1467,   7194,1194855,   3734,   4100,  70587
      328558,   6196,1010145, 325420,   4107,   8858,  29059, 106251,  11538,  31545
     2550024, 119481,   9469,4296599, 148180,  15258,  46138, 665852,  40321,  27217
     4056981,   7564,     85, 211371,5413037,  82894,   1868, 201221,    503,    586
        1833, 561987,  22992,    460,  98923,5390153,3126190, 282463, 318797, 130138
        2588,     42,  80251,1263285, 197325, 660969,2695912,   6734,  56146,   5257
      437044,   9339,   1499,    218, 148523, 140995, 113885,1011182,    373,    529
      214915,  21190,   1381,   4408,   8297,    270,   3577,2886066,4296912, 482100
     3685277,   1445,    887,    162, 866836,    100,    134,     37,   8173,5413011
    Class 0
      Precision: 0.9944
      Recall: 0.9997
      F1: 0.9970
      AUC: 0.9972
      AP: 0.9940
      Confusion Matrix:
       5390214,  30498
         1833, 5390153
    Class 1
      Precision: 0.6926
      Recall: 1.0000
      F1: 0.8183
      AUC: 0.8464
      AP: 0.6925
      Confusion Matrix:
       2691555, 1194855
           42, 2695912
    Class 2
      Precision: 0.9048
      Recall: 0.9985
      F1: 0.9494
      AUC: 0.9525
      AP: 0.9035
      Confusion Matrix:
       1010145, 106251
         1499, 1011182
    Class 3
      Precision: 0.9907
      Recall: 0.9990
      F1: 0.9948
      AUC: 0.9954
      AP: 0.9897
      Confusion Matrix:
       4296599,  40321
         4408, 4296912
    Class 4
      Precision: 0.9999
      Recall: 0.8620
      F1: 0.9258
      AUC: 0.9999
      AP: 0.8619
      Confusion Matrix:
       5413037,    586
       866836, 5413011
    Epoch 16: Accuracy: 0.5450, Precision: 0.5695, Recall: 0.5450, F1: 0.5344, Cohen's Kappa: 0.4893, MCC: 0.5677
    Confusion Matrix:
     3414056,  76122, 672074, 662553,1533313, 189659, 335964,  58272, 565367, 426669
       26658,2103460,1009877,     17,  29741,  54519, 875218, 260525,    108,    355
      142825,  13864,1114613,  73900,    242,  40838,   2385, 516084,     12,  56914
        1673,   8058, 386707,2315603, 829462,   2255, 151179,  46035,2168643,   8924
          14,     14,4066068, 369524,3436979,  88572,   6191,     77,      2,   8669
          92, 198318,      3,      1, 113575,4413995,      3,      8,    810,4207131
       43970, 131336, 115038,  50938,  36454, 196610,2307837, 222818, 860235, 603273
      229888,  83183,     76,     11, 531708,     70,     29,1015654,   2910,     58
        5111,  19110,  17002,2420021,  24645,  29440,  28297,  57096,3715918,1002476
      151143, 440802,1677137, 114362, 123847, 962836, 913903,    265, 154814,4936953
    Class 0
      Precision: 0.9662
      Recall: 1.0000
      F1: 0.9828
      AUC: 0.9831
      AP: 0.9661
      Confusion Matrix:
       5414056, 189659
           92, 5413995
    Class 1
      Precision: 0.7554
      Recall: 0.9537
      F1: 0.8431
      AUC: 0.8779
      AP: 0.7204
      Confusion Matrix:
       2703460, 875218
       131336, 2707837
    Class 2
      Precision: 0.6628
      Recall: 0.9999
      F1: 0.7972
      AUC: 0.8315
      AP: 0.6628
      Confusion Matrix:
       1014613, 516084
           76, 1015654
    Class 3
      Precision: 0.6656
      Recall: 0.6407
      F1: 0.6529
      AUC: 0.8328
      AP: 0.4264
      Confusion Matrix:
       4315603, 2168643
       2420021, 4315918
    Class 4
      Precision: 0.9984
      Recall: 0.9777
      F1: 0.9880
      AUC: 0.9992
      AP: 0.9762
      Confusion Matrix:
       5436979,   8669
       123847, 5436953
    Epoch 17: Accuracy: 0.5459, Precision: 0.5593, Recall: 0.5459, F1: 0.5310, Cohen's Kappa: 0.4874, MCC: 0.5483
    Confusion Matrix:
     5422997,  28787,  30456,  56847,   2290,   3761, 107435,  14001,   1325,4266150
       20363,2707924,1165010,  66007,  35468, 508402, 319260, 120955,   6238,  10851
      815839,     10,1016289,   1857,     29,    254,  22900,   1820,     66,   2613
        5229,2120032,  18107,4322730,  82523,   2379,  98699,1012257,  13144, 243439
     2071039,     59, 376061,   2256,5445958,   1298, 134513,  29063,1905484,  10379
      397446,   3246,   8379,   6588, 151554,5422935,  10196,   1068,3885153,  47371
      218974,  20443, 109126, 119776, 285983,  23729,2712309,  19140,  28355,1430674
       10743,  83772,     76,    244,  77858,   2076, 643779,1017332,  11075,  16632
      167489,  93566,   6067,  33607, 139473,   3445,  11975,3133915,4323045,   6534
           4,  11810,  28838,    564,4349952,    664, 137197,      8,   1093,5445932
    Class 0
      Precision: 0.9993
      Recall: 0.9317
      F1: 0.9643
      AUC: 0.9997
      AP: 0.9311
      Confusion Matrix:
       5422997,   3761
       397446, 5422935
    Class 1
      Precision: 0.8945
      Recall: 0.9925
      F1: 0.9410
      AUC: 0.9473
      AP: 0.8878
      Confusion Matrix:
       2707924, 319260
        20443, 2712309
    Class 2
      Precision: 0.9982
      Recall: 0.9999
      F1: 0.9991
      AUC: 0.9991
      AP: 0.9981
      Confusion Matrix:
       1016289,   1820
           76, 1017332
    Class 3
      Precision: 0.9970
      Recall: 0.9923
      F1: 0.9946
      AUC: 0.9985
      AP: 0.9893
      Confusion Matrix:
       4322730,  13144
        33607, 4323045
    Class 4
      Precision: 0.9981
      Recall: 0.5559
      F1: 0.7141
      AUC: 0.9990
      AP: 0.5549
      Confusion Matrix:
       5445958,  10379
       4349952, 5445932
    Epoch 18: Accuracy: 0.5479, Precision: 0.5751, Recall: 0.5479, F1: 0.5300, Cohen's Kappa: 0.4941, MCC: 0.5674
    Confusion Matrix:
     5442865,2405436,  78175,   1039,    686,   3583,1518291,    464, 414780,  68730
       39292,2717845, 982616,     18,     24, 319515,  19249,  21861, 106457, 753601
       22514,  68183,1020012,    223,   5799, 517429,  93033,  15147,   6482, 112855
        8804,  76456, 599133,4338567,  27706,  59351,   7049,2758274,   1504,  41695
     1289490, 126276, 117646,1279163,5465910, 107173,  19712,   5887,1463857, 100996
     1436023,   9945, 451196,  85963,  18538,5442803,  11887, 102908,2255287, 119386
       34311,  91635,  49355, 336155,  19531,   3623,2722246,1702802,   5753,   3098
      352785, 222238,    183,    317,   8027, 200499,  55060,1021059,    279,   3140
      314978,    153,   3928,    420,   5547,    228,    542,3235552,4338883,  18885
     4433593,     22,   5732,    383,  12850,  57325,     12,    107,    154,5465884
    Class 0
      Precision: 0.9993
      Recall: 0.7912
      F1: 0.8832
      AUC: 0.9997
      AP: 0.7907
      Confusion Matrix:
       5442865,   3583
       1436023, 5442803
    Class 1
      Precision: 0.9930
      Recall: 0.9674
      F1: 0.9800
      AUC: 0.9965
      AP: 0.9606
      Confusion Matrix:
       2717845,  19249
        91635, 2722246
    Class 2
      Precision: 0.9854
      Recall: 0.9998
      F1: 0.9925
      AUC: 0.9927
      AP: 0.9852
      Confusion Matrix:
       1020012,  15147
          183, 1021059
    Class 3
      Precision: 0.9997
      Recall: 0.9999
      F1: 0.9998
      AUC: 0.9998
      AP: 0.9996
      Confusion Matrix:
       4338567,   1504
          420, 4338883
    Class 4
      Precision: 0.9819
      Recall: 0.9977
      F1: 0.9897
      AUC: 0.9909
      AP: 0.9796
      Confusion Matrix:
       5465910, 100996
        12850, 5465884
    Epoch 19: Accuracy: 0.5475, Precision: 0.5462, Recall: 0.5475, F1: 0.5203, Cohen's Kappa: 0.4929, MCC: 0.5508
    Confusion Matrix:
     5438891,2146684,  21885,  13291, 509928,1010424, 540522,  49681, 151834,  50909
        5634,2715861, 836171, 355426,   7147,  11406,  19777, 165855,   2917, 840284
           4, 795072,1019268,    420,    163,      2,     47,     73,     47,  46581
        4110,   2922,  90848,4335400, 380091,  17615,2876462,   2945, 207611,    535
        6998,  25976,  60052, 783258,5461920, 239001,  37382,1157010,  30375,2174138
       30050,1309116, 760649,  65042,   2388,5438829,   3376,2322520,     46,   1920
      299945,   1972, 324110,  15306,1471533,  33971,2720258,  40293,  17902,  43219
         151,    457,   1306,   4655,      1,   2210,    352,1020313, 724994, 109148
          54,    220, 383410,2780565, 356031,    635,    350,   1306,4335716,  60829
         918, 283241,   3568,3504544,  23458,   9098, 678881,   7894,   2567,5461893
    Class 0
      Precision: 0.8433
      Recall: 0.9945
      F1: 0.9127
      AUC: 0.9217
      AP: 0.8387
      Confusion Matrix:
       5438891, 1010424
        30050, 5438829
    Class 1
      Precision: 0.9928
      Recall: 0.9993
      F1: 0.9960
      AUC: 0.9964
      AP: 0.9921
      Confusion Matrix:
       2715861,  19777
         1972, 2720258
    Class 2
      Precision: 0.9999
      Recall: 0.9987
      F1: 0.9993
      AUC: 1.0000
      AP: 0.9986
      Confusion Matrix:
       1019268,     73
         1306, 1020313
    Class 3
      Precision: 0.9543
      Recall: 0.6092
      F1: 0.7437
      AUC: 0.9772
      AP: 0.5814
      Confusion Matrix:
       4335400, 207611
       2780565, 4335716
    Class 4
      Precision: 0.7153
      Recall: 0.9957
      F1: 0.8325
      AUC: 0.8576
      AP: 0.7122
      Confusion Matrix:
       5461920, 2174138
        23458, 5461893