Epoch Results:
    Epoch 1: Accuracy: 0.6382, Precision: 0.6389, Recall: 0.6382, F1: 0.6166, Cohen's Kappa: 0.5917, MCC: 0.5083
    Confusion Matrix:
     6339910,  87221,  48985,   5458,1091771,  26552,  58149,2034700, 190610,  50693
       27774,3165777, 581824, 269354,  55770, 460888,  37672, 107627,  31548, 222244
          31,     29,1188122, 429702,    121,  24471,  72036,     56, 146970,    139
           3,      1,   1749,5053611,   2290,  20146, 736069,2079053,  22648,   2969
       14202,  28290,1368006,  93401,6366753,1988384,    520,  68264,  25249,  23041
          95,  11265,  48919, 200475,2983022,6339837,  87169, 156047,  82341,  24766
         263,    105,   1186, 501003,1284653,    799,3170902,   9289,     82,    227
      122039,  59003,  78680,  41737, 200932,   5195,   1888,1189341,    353, 164419
      244876,   1547,  22877,   4589,   3304,   9144,    529,   2702,5053979,2575569
      258453, 770857, 143939, 487618,1091691, 268013,  84972, 156897, 346900,6366722
    Class 0
      Precision: 0.9958
      Recall: 1.0000
      F1: 0.9979
      AUC: 0.9979
      AP: 0.9958
      Confusion Matrix:
       6339910,  26552
           95, 6339837
    Class 1
      Precision: 0.9882
      Recall: 1.0000
      F1: 0.9941
      AUC: 0.9941
      AP: 0.9882
      Confusion Matrix:
       3165777,  37672
          105, 3170902
    Class 2
      Precision: 1.0000
      Recall: 0.9379
      F1: 0.9679
      AUC: 1.0000
      AP: 0.9378
      Confusion Matrix:
       1188122,     56
        78680, 1189341
    Class 3
      Precision: 0.9955
      Recall: 0.9991
      F1: 0.9973
      AUC: 0.9978
      AP: 0.9946
      Confusion Matrix:
       5053611,  22648
         4589, 5053979
    Class 4
      Precision: 0.9964
      Recall: 0.8536
      F1: 0.9195
      AUC: 0.9982
      AP: 0.8506
      Confusion Matrix:
       6366753,  23041
       1091691, 6366722
    Epoch 2: Accuracy: 0.6714, Precision: 0.6517, Recall: 0.6714, F1: 0.6339, Cohen's Kappa: 0.6318, MCC: 0.5517
    Confusion Matrix:
     6669720,   6164,1321440,    361, 317724,    301,1236168,   1047,    243, 380881
        2215,3330464,  16072, 515777,   2648, 630921,   3640, 431707,    515,  26519
      189530,   2905,1249929, 355980,     54,   1161,  54768,   2278,   4697,    375
          69,  60878,1586255,5316507,  21473, 644195,    662,   1893, 286517,     90
     1045971,  14993,1750372,   2198,6697960, 438733,  10877,   5185,    931,   8890
      227596,1737790, 674669, 579943,   6680,6669644,  18681,   1342,  14916,   2675
      163259,    543,    170,  18288,1377982,  54429,3335856,   3732,  14027,    223
       78321,   4367,  13512,  98597,   3579,  76908, 304703,1251212,  27066,   5322
      134320,  24886,   3132,   8624,     11,     20,    443,2413528,5316894,  17258
       14851,    517, 160759,  10677, 803266, 515360,1676804,  73754,  22146,6697928
    Class 0
      Precision: 1.0000
      Recall: 0.9670
      F1: 0.9832
      AUC: 1.0000
      AP: 0.9670
      Confusion Matrix:
       6669720,    301
       227596, 6669644
    Class 1
      Precision: 0.9989
      Recall: 0.9998
      F1: 0.9994
      AUC: 0.9995
      AP: 0.9987
      Confusion Matrix:
       3330464,   3640
          543, 3335856
    Class 2
      Precision: 0.9982
      Recall: 0.9893
      F1: 0.9937
      AUC: 0.9991
      AP: 0.9875
      Confusion Matrix:
       1249929,   2278
        13512, 1251212
    Class 3
      Precision: 0.9489
      Recall: 0.9984
      F1: 0.9730
      AUC: 0.9744
      AP: 0.9473
      Confusion Matrix:
       5316507, 286517
         8624, 5316894
    Class 4
      Precision: 0.9987
      Recall: 0.8929
      F1: 0.9428
      AUC: 0.9993
      AP: 0.8917
      Confusion Matrix:
       6697960,   8890
       803266, 6697928
    Epoch 3: Accuracy: 0.6579, Precision: 0.6637, Recall: 0.6579, F1: 0.6467, Cohen's Kappa: 0.6129, MCC: 0.5326
    Confusion Matrix:
     6535610,  17449,   6355, 236005,1044499,2039235,   1329,  42689,  10610,    268
      180611,3263498,    145,1515552,      4,    191,    135,      1,    152,    189
       22060,   1090,1224797,     33,    671,    450,  27277,    321,  55075, 529903
          45,  34416,    815,5209606, 247699,    708,  32664,2392451,    112,     23
     2367124,  27319, 422476, 104681,6563282,  48099,  63217,  31221, 304864,  43827
        1749,1169919,   4494,  14075,1959540,6535536,   6596, 206982,   4610,  30435
        1572,  69468,   1953,1184395,   6451, 409148,3268782,   9794,  15180,   1766
       34724,    345,    272, 357667,    780,  19939, 223565,1226053,    181,     61
       15561, 575606,  24695, 158748, 435311,  20843,   1039,     76,5209986,1477251
     1129849, 328340,  14354,  64194,  34534, 220771, 194505,1275383, 150881,6563251
    Class 0
      Precision: 0.7622
      Recall: 0.9997
      F1: 0.8649
      AUC: 0.8811
      AP: 0.7620
      Confusion Matrix:
       6535610, 2039235
         1749, 6535536
    Class 1
      Precision: 1.0000
      Recall: 0.9792
      F1: 0.9894
      AUC: 1.0000
      AP: 0.9791
      Confusion Matrix:
       3263498,    135
        69468, 3268782
    Class 2
      Precision: 0.9997
      Recall: 0.9998
      F1: 0.9998
      AUC: 0.9999
      AP: 0.9995
      Confusion Matrix:
       1224797,    321
          272, 1226053
    Class 3
      Precision: 1.0000
      Recall: 0.9704
      F1: 0.9850
      AUC: 1.0000
      AP: 0.9704
      Confusion Matrix:
       5209606,    112
       158748, 5209986
    Class 4
      Precision: 0.9934
      Recall: 0.9948
      F1: 0.9941
      AUC: 0.9967
      AP: 0.9882
      Confusion Matrix:
       6563282,  43827
        34534, 6563251
    Epoch 4: Accuracy: 0.7241, Precision: 0.6881, Recall: 0.7241, F1: 0.6932, Cohen's Kappa: 0.6890, MCC: 0.6274
    Confusion Matrix:
     7193244,  28409,   7971,    710,    513, 325752,   5838, 210301, 121110,2040201
        8703,3591882,    679, 395722,   3866,    457,    109, 324224, 594105,  40731
          10,    622,1348040,   5720, 466489,  14173,   1077,    166,   1127,  24253
        1632,  25608,1701473,5733814,  57912, 353924,    133,  43620,    180,    243
      194127,1275564,    811,    523,7223701,    851,    786,   2404,1106859, 170484
          50,1162998,  17722,   3018,   6839,7193163,1462808,      6,  32476,  54856
        2623,   3734, 930544,    203, 104175,    582,3597697,     44, 262115,  66792
       97984,    293,  41006,  11324, 287827,    108,  71465,1349423,   2644,   1513
        4763,  11069,    317,  69080,    193,  14667,1667949, 391053,5734231,  25794
      761700,    247, 135246, 809072,1042243,   3114,      3,    649,    122,7223666
    Class 0
      Precision: 0.9567
      Recall: 1.0000
      F1: 0.9779
      AUC: 0.9783
      AP: 0.9567
      Confusion Matrix:
       7193244, 325752
           50, 7193163
    Class 1
      Precision: 1.0000
      Recall: 0.9990
      F1: 0.9995
      AUC: 1.0000
      AP: 0.9989
      Confusion Matrix:
       3591882,    109
         3734, 3597697
    Class 2
      Precision: 0.9999
      Recall: 0.9705
      F1: 0.9850
      AUC: 0.9999
      AP: 0.9704
      Confusion Matrix:
       1348040,    166
        41006, 1349423
    Class 3
      Precision: 1.0000
      Recall: 0.9881
      F1: 0.9940
      AUC: 1.0000
      AP: 0.9881
      Confusion Matrix:
       5733814,    180
        69080, 5734231
    Class 4
      Precision: 0.9769
      Recall: 0.8739
      F1: 0.9226
      AUC: 0.9885
      AP: 0.8538
      Confusion Matrix:
       7223701, 170484
       1042243, 7223666
    Epoch 5: Accuracy: 0.7583, Precision: 0.7289, Recall: 0.7583, F1: 0.7378, Cohen's Kappa: 0.7262, MCC: 0.6642
    Confusion Matrix:
     7532989,   1677,   3865,    451,2025939,    253,   5537, 334478,  27967,    893
       23124,3761530, 220090,  63500,   1684, 744244,    219, 137558,   7129,   1400
        2297,  20926,1411709,   3586,   3236,  12733,  15545,   1183, 204436, 186026
      419009,   2549, 429861,6004628,   6301,  18758, 417306,  27805, 440327, 151995
        6311, 796238,  29140, 815021,7564884,   9748,   3265,    829,  20580, 730094
       94781,     10,    583, 296283,    896,7532903,      4,    208,      1,2008267
        1082,   5056,   5363,  55111,  48572, 116550,3767620, 635836, 309910,  23409
       28827, 199244,   1893,  76941,  44802,  22857,   5648,1413158,     66,  70151
       21662,   9544,  68919,   3086, 282336, 675904, 562945,   5469,6005065, 284186
      111834,1295995, 432313, 398960,   8169,  15418,  31034,  87314,  30178,7564847
    Class 0
      Precision: 1.0000
      Recall: 0.9876
      F1: 0.9937
      AUC: 1.0000
      AP: 0.9875
      Confusion Matrix:
       7532989,    253
        94781, 7532903
    Class 1
      Precision: 0.9999
      Recall: 0.9987
      F1: 0.9993
      AUC: 1.0000
      AP: 0.9986
      Confusion Matrix:
       3761530,    219
         5056, 3767620
    Class 2
      Precision: 0.9992
      Recall: 0.9987
      F1: 0.9989
      AUC: 0.9996
      AP: 0.9978
      Confusion Matrix:
       1411709,   1183
         1893, 1413158
    Class 3
      Precision: 0.9317
      Recall: 0.9995
      F1: 0.9644
      AUC: 0.9658
      AP: 0.9312
      Confusion Matrix:
       6004628, 440327
         3086, 6005065
    Class 4
      Precision: 0.9120
      Recall: 0.9989
      F1: 0.9535
      AUC: 0.9560
      AP: 0.9110
      Confusion Matrix:
       7564884, 730094
         8169, 7564847
    Epoch 6: Accuracy: 0.7816, Precision: 0.7648, Recall: 0.7816, F1: 0.7549, Cohen's Kappa: 0.7541, MCC: 0.6935
    Confusion Matrix:
     7764452,  14372, 189898,  83151, 100752,  15268, 304916,  19777, 599694, 841769
        5262,3877109, 867525,  13291,   3182, 127434,    295,  25303,   1939,  39138
       14151,  10948,1455086,  21799,   2679,   1823, 185652,  37515,  40090,  91934
       18328,   9297, 726679,6189130, 133849,   1796, 491534, 339491,   2940,   5495
        1204,  58209,    108,1839625,7797327,  51592,     44,    443, 211648,  15910
         153,1769687, 112973, 198544,      5,7764364,  59478,     81,     97,  28554
       10324, 910277,   1757,   1296,  10818,  33322,3883386,     47,  64374,  52908
          34,     85, 174343,     10,     57,   3793,    103,1456579, 115201, 113382
       60015,    625,  21183,1503234,   3431, 139877,    306,     48,6189581,    816
        9473,  16095,1830368, 255752,  16911,   8075,   1286,  11696,  29116,7797290
    Class 0
      Precision: 0.9980
      Recall: 1.0000
      F1: 0.9990
      AUC: 0.9990
      AP: 0.9980
      Confusion Matrix:
       7764452,  15268
          153, 7764364
    Class 1
      Precision: 0.9999
      Recall: 0.8099
      F1: 0.8949
      AUC: 1.0000
      AP: 0.8098
      Confusion Matrix:
       3877109,    295
       910277, 3883386
    Class 2
      Precision: 0.9749
      Recall: 0.8930
      F1: 0.9321
      AUC: 0.9874
      AP: 0.8706
      Confusion Matrix:
       1455086,  37515
       174343, 1456579
    Class 3
      Precision: 0.9995
      Recall: 0.8046
      F1: 0.8915
      AUC: 0.9998
      AP: 0.8042
      Confusion Matrix:
       6189130,   2940
       1503234, 6189581
    Class 4
      Precision: 0.9980
      Recall: 0.9978
      F1: 0.9979
      AUC: 0.9990
      AP: 0.9958
      Confusion Matrix:
       7797327,  15910
        16911, 7797290
    Epoch 7: Accuracy: 0.8027, Precision: 0.7902, Recall: 0.8027, F1: 0.7866, Cohen's Kappa: 0.7767, MCC: 0.7218
    Confusion Matrix:
     7974061,   4345,   3677,    739,  32401,1285665, 456334,    319, 172990,   3518
        4470,3981775,   2785,  45918,  10503, 843590,  49385,  17043,   1063,   3946
      142687,  12974,1494368,   2598,    371,    176,   1999,   2506,  94205, 109793
       52010, 911604,  98062,6356211, 219964,  35299, 133522,  57112,  52451,   2304
       19200,1685619,    419,   8613,8007823,   1905,    756,   6415, 220887,  24473
        6586,   1855, 802192,      3,   2264,7973970, 812232, 174101,  23967, 136766
       78191,  10177, 428365,   1089,    360, 448694,3988222,   1789,   1715,   9907
           7,     49,    561, 292476,    395,   3180,      3,1495901,      7,  71008
         911, 246058,   3236,  84718,   6624,1200128,   4895,  15387,6356674,    485
        2709,   4681, 308249, 221438,   3942, 832010,  50468,     80, 544701,8007784
    Class 0
      Precision: 0.8612
      Recall: 0.9992
      F1: 0.9250
      AUC: 0.9306
      AP: 0.8604
      Confusion Matrix:
       7974061, 1285665
         6586, 7973970
    Class 1
      Precision: 0.9877
      Recall: 0.9975
      F1: 0.9926
      AUC: 0.9939
      AP: 0.9852
      Confusion Matrix:
       3981775,  49385
        10177, 3988222
    Class 2
      Precision: 0.9983
      Recall: 0.9996
      F1: 0.9990
      AUC: 0.9992
      AP: 0.9980
      Confusion Matrix:
       1494368,   2506
          561, 1495901
    Class 3
      Precision: 0.9918
      Recall: 0.9868
      F1: 0.9893
      AUC: 0.9959
      AP: 0.9788
      Confusion Matrix:
       6356211,  52451
        84718, 6356674
    Class 4
      Precision: 0.9970
      Recall: 0.9995
      F1: 0.9982
      AUC: 0.9985
      AP: 0.9965
      Confusion Matrix:
       8007823,  24473
         3942, 8007784
    Epoch 8: Accuracy: 0.8073, Precision: 0.7913, Recall: 0.8073, F1: 0.7905, Cohen's Kappa: 0.7820, MCC: 0.7284
    Confusion Matrix:
     8019757,     27,   5201,    709,   7926,      3, 118145,  66461,1568695, 147125
        5053,4004593,  53533,   9681, 384564,  23647, 255940,  17493,  79672, 126302
       89946, 127522,1502931,    526,  13443,  80801,     70,   4143,    225,  42070
     1181653, 263451,    211,6392636,  43499,  10036,  25116,   1309,    103,    525
      476679,1047224,   7892, 374878,8053713,    560,    265,   1646,   7328,   5925
          46, 246251,     54,  61861,   1144,8019666,  11419,   1696,1589712,   2087
       66406,   2760,  87384,   6698, 113496,  68842,4011077, 600511,   2114,   9221
        2084,  30965, 109858,    216,   9242,    372,  22288,1504473,     85, 184004
          10,1316845,   3925,     27,    161,  58849, 126665,  15772,6393102,   3760
      260359, 164571,  26514,  22236, 139210,  12357, 321696, 803742, 171703,8053674
    Class 0
      Precision: 1.0000
      Recall: 1.0000
      F1: 1.0000
      AUC: 1.0000
      AP: 1.0000
      Confusion Matrix:
       8019757,      3
           46, 8019666
    Class 1
      Precision: 0.9399
      Recall: 0.9993
      F1: 0.9687
      AUC: 0.9700
      AP: 0.9393
      Confusion Matrix:
       4004593, 255940
         2760, 4011077
    Class 2
      Precision: 0.9973
      Recall: 0.9319
      F1: 0.9635
      AUC: 0.9986
      AP: 0.9293
      Confusion Matrix:
       1502931,   4143
       109858, 1504473
    Class 3
      Precision: 1.0000
      Recall: 1.0000
      F1: 1.0000
      AUC: 1.0000
      AP: 1.0000
      Confusion Matrix:
       6392636,    103
           27, 6393102
    Class 4
      Precision: 0.9993
      Recall: 0.9830
      F1: 0.9911
      AUC: 0.9996
      AP: 0.9823
      Confusion Matrix:
       8053713,   5925
       139210, 8053674
    Epoch 9: Accuracy: 0.7982, Precision: 0.7672, Recall: 0.7982, F1: 0.7767, Cohen's Kappa: 0.7715, MCC: 0.7169
    Confusion Matrix:
     7929357,    378,     68,  11314, 177974, 583058,  98643,    113,  14008,1119136
         360,3959453,  10512,   2087,  13703, 504746, 111514,   5888, 339789,  12426
          15,   1982,1485990,    660,  63942,  97138,  57967, 119636,   6442,  27905
        2137,    113,     83,6320577, 494350, 694039,   8918,  11880, 211465, 174977
         732, 762691, 375062, 311804,7962931,   6239,  99343, 453851,   1788,   1669
        2969, 779034, 151816,  10277, 407467,7929267,   2401, 649538,   1028,    139
       19220,  18885,   8352,   8857, 109508,  13337,3965863,  10155,  13320, 801012
       96322,  15635,  11586,    322,  60440,   2948,  98990,1487515,   2588,  87241
         468,    692,   4463,1582693,   7175,   1950,     97,    370,6321038,    170
      113805,    161,  77853,   1173, 309760,    637,1165023, 341915,   2843,7962892
    Class 0
      Precision: 0.9315
      Recall: 0.9996
      F1: 0.9644
      AUC: 0.9658
      AP: 0.9312
      Confusion Matrix:
       7929357, 583058
         2969, 7929267
    Class 1
      Precision: 0.9726
      Recall: 0.9953
      F1: 0.9838
      AUC: 0.9863
      AP: 0.9680
      Confusion Matrix:
       3959453, 111514
        18885, 3965863
    Class 2
      Precision: 0.9255
      Recall: 0.9923
      F1: 0.9577
      AUC: 0.9628
      AP: 0.9183
      Confusion Matrix:
       1485990, 119636
        11586, 1487515
    Class 3
      Precision: 0.9676
      Recall: 0.7997
      F1: 0.8757
      AUC: 0.9838
      AP: 0.7739
      Confusion Matrix:
       6320577, 211465
       1582693, 6321038
    Class 4
      Precision: 0.9998
      Recall: 0.9626
      F1: 0.9808
      AUC: 0.9999
      AP: 0.9624
      Confusion Matrix:
       7962931,   1669
       309760, 7962892
    Epoch 10: Accuracy: 0.8327, Precision: 0.8022, Recall: 0.8327, F1: 0.7994, Cohen's Kappa: 0.8111, MCC: 0.7543
    Confusion Matrix:
     8272082,   1317,    385,    451, 125642, 906497, 508522,  10882, 107790,    481
         494,4130590, 327533,   3978,   2746,    146, 477500,   5404,  11850,    237
          10,    614,1550218,   3143,     29,   2562,    938, 286041,   1584,  16538
        2527,  46817,   9530,6593767,   2912,   3429,    435,1182574,  76404,    144
       10690,  52487,  14767,    162,8307106,1461929,  94718,     43,   1437,  32771
      631141,    428, 837695,    957,   1883,8271988,   6781,    163, 121330,  61570
         179,   4768, 102395, 120510,    284,    736,4137277, 497060, 104751,    549
        7237, 104051,  36050,  12873,  77352,   7774,  45176,1551808,   8650,  12616
       12725,  10103,  10039,   2692,   1485, 851427, 251452,   4107,6594247, 180839
       10733,     51,    219, 118213,  27499, 112588,   2396,1392929,   4368,8307066
    Class 0
      Precision: 0.9012
      Recall: 0.9291
      F1: 0.9150
      AUC: 0.9506
      AP: 0.8373
      Confusion Matrix:
       8272082, 906497
       631141, 8271988
    Class 1
      Precision: 0.8964
      Recall: 0.9988
      F1: 0.9448
      AUC: 0.9483
      AP: 0.8953
      Confusion Matrix:
       4130590, 477500
         4768, 4137277
    Class 2
      Precision: 0.8442
      Recall: 0.9773
      F1: 0.9059
      AUC: 0.9222
      AP: 0.8250
      Confusion Matrix:
       1550218, 286041
        36050, 1551808
    Class 3
      Precision: 0.9885
      Recall: 0.9996
      F1: 0.9940
      AUC: 0.9943
      AP: 0.9881
      Confusion Matrix:
       6593767,  76404
         2692, 6594247
    Class 4
      Precision: 0.9961
      Recall: 0.9967
      F1: 0.9964
      AUC: 0.9980
      AP: 0.9928
      Confusion Matrix:
       8307106,  32771
        27499, 8307066
    Epoch 11: Accuracy: 0.8561, Precision: 0.8244, Recall: 0.8561, F1: 0.8318, Cohen's Kappa: 0.8373, MCC: 0.7836
    Confusion Matrix:
     8504539,    917, 280748, 779603,    263,  31682, 286256,    122,  40582,   9337
         150,4246665,   4030, 245335, 124718,    802,   1078,   1641,  93391, 242668
         818, 222303,1593781,    626,    633,   1849,    305,  10002,  30332,   1028
           3, 467337,      1,6779061,      3,      3,     50,      5, 672075,      1
         111,1109238,  11842,    107,8540547,    267, 305370,   7875,     29,    724
       56210,   3526, 390141, 358508,  80149,8504442, 401362, 129671,    801,   9126
      406852,    126,   2161,    509, 190285,      9,4253540, 114214,     20,    793
        4446,  89668,  34433,  84771,    775,    215,   9495,1595416,  41624,   2744
        1106,  34556, 971070,   3699,  36987,    856,  83606,   5946,6779555,   1735
          37,      9, 223695, 187541, 948399,    446,  74361,   1066,      2,8540506
    Class 0
      Precision: 0.9963
      Recall: 0.9934
      F1: 0.9949
      AUC: 0.9981
      AP: 0.9897
      Confusion Matrix:
       8504539,  31682
        56210, 8504442
    Class 1
      Precision: 0.9997
      Recall: 1.0000
      F1: 0.9999
      AUC: 0.9999
      AP: 0.9997
      Confusion Matrix:
       4246665,   1078
          126, 4253540
    Class 2
      Precision: 0.9938
      Recall: 0.9789
      F1: 0.9863
      AUC: 0.9969
      AP: 0.9727
      Confusion Matrix:
       1593781,  10002
        34433, 1595416
    Class 3
      Precision: 0.9098
      Recall: 0.9995
      F1: 0.9525
      AUC: 0.9549
      AP: 0.9093
      Confusion Matrix:
       6779061, 672075
         3699, 6779555
    Class 4
      Precision: 0.9999
      Recall: 0.9001
      F1: 0.9474
      AUC: 1.0000
      AP: 0.9000
      Confusion Matrix:
       8540547,    724
       948399, 8540506
    Epoch 12: Accuracy: 0.8674, Precision: 0.8431, Recall: 0.8674, F1: 0.8509, Cohen's Kappa: 0.8496, MCC: 0.8021
    Confusion Matrix:
     8616794,   1213,    305,  17643,     18, 989760, 308302,      6,      5,      3
       88561,4302718,  14077,      5,     16,    164,   8023,     51, 545983,    880
        1657,   1315,1614818, 106916,  70578,   2115,  60420,   1360,    638,   1860
      852380, 109216,  33084,6868540,   1703,   1876,   4440,  33758,   7143,   6399
           5, 933154, 318571,   2637,8653277,  27666,  34058,   2098,    261,   4383
          88,  10312, 910813,  24316, 191242,8616696,    870, 179559,     39,      1
        5907,   2482,    245, 210690,    137,  22113,4309684,     14,   2685, 414552
        6237,    313,    125,   7757,     35,    419, 104394,1616475, 127724,    108
         566,  18093, 131049, 139275,   9487,   2086,   3324,  61956,6869041, 684239
       34091,    603,  13001, 131900,1070688,    960,   4233,    796,  66554,8653236
    Class 0
      Precision: 0.8970
      Recall: 1.0000
      F1: 0.9457
      AUC: 0.9485
      AP: 0.8970
      Confusion Matrix:
       8616794, 989760
           88, 8616696
    Class 1
      Precision: 0.9981
      Recall: 0.9994
      F1: 0.9988
      AUC: 0.9991
      AP: 0.9976
      Confusion Matrix:
       4302718,   8023
         2482, 4309684
    Class 2
      Precision: 0.9992
      Recall: 0.9999
      F1: 0.9995
      AUC: 0.9996
      AP: 0.9991
      Confusion Matrix:
       1614818,   1360
          125, 1616475
    Class 3
      Precision: 0.9990
      Recall: 0.9801
      F1: 0.9895
      AUC: 0.9995
      AP: 0.9791
      Confusion Matrix:
       6868540,   7143
       139275, 6869041
    Class 4
      Precision: 0.9995
      Recall: 0.8899
      F1: 0.9415
      AUC: 0.9997
      AP: 0.8894
      Confusion Matrix:
       8653277,   4383
       1070688, 8653236
    Epoch 13: Accuracy: 0.8789, Precision: 0.8409, Recall: 0.8789, F1: 0.8531, Cohen's Kappa: 0.8629, MCC: 0.8167
    Confusion Matrix:
     8731035,   5399,  73680,    473, 458748,    709, 456358, 206765,    431,    451
        9077,4359764,   7862,  40870,   8677,   2075, 141684, 169221, 219541,   1707
          49,  19795,1636227,   7311,  75108,     22,  51490,   3735,   1836,  66104
      142763,   3829, 260978,6959603,   9680, 276565,  11948,  95771,  16544, 140858
         804,    822, 197209, 516376,8768003,    154,   4642, 229616, 257669,    815
     1096326,     43,    171,  38957,    775,8730936,     66,  20544,   1419,  44699
       48357,   6141,  70470,   2120, 112967,  10681,4366822, 156894, 192181,   1876
       18736,    302,     61, 157862,    857,  44861,    149,1637906,     14,   2839
       22166, 321731,   8721,  11830,  66419, 115370,   9332, 402867,6960111,    569
         345,     85,  31122,  49518,     19,   4319, 850519, 271427,    748,8767960
    Class 0
      Precision: 0.9999
      Recall: 0.8884
      F1: 0.9409
      AUC: 1.0000
      AP: 0.8884
      Confusion Matrix:
       8731035,    709
       1096326, 8730936
    Class 1
      Precision: 0.9685
      Recall: 0.9986
      F1: 0.9833
      AUC: 0.9843
      AP: 0.9672
      Confusion Matrix:
       4359764, 141684
         6141, 4366822
    Class 2
      Precision: 0.9977
      Recall: 1.0000
      F1: 0.9988
      AUC: 0.9989
      AP: 0.9977
      Confusion Matrix:
       1636227,   3735
           61, 1637906
    Class 3
      Precision: 0.9976
      Recall: 0.9983
      F1: 0.9980
      AUC: 0.9988
      AP: 0.9959
      Confusion Matrix:
       6959603,  16544
        11830, 6960111
    Class 4
      Precision: 0.9999
      Recall: 1.0000
      F1: 1.0000
      AUC: 1.0000
      AP: 0.9999
      Confusion Matrix:
       8768003,    815
           19, 8767960
    Epoch 14: Accuracy: 0.8723, Precision: 0.8380, Recall: 0.8723, F1: 0.8499, Cohen's Kappa: 0.8554, MCC: 0.8085
    Confusion Matrix:
     8665470,    449,     33,1255007,    262,     18,    230,    141,     22,  12417
         814,4327024,  15627,     32, 195119, 277940, 142556,    508,    818,     40
        1620,     24,1623940,    761,    867,   4582, 227700,    665,   1134,    384
      144517,  45622,   5314,6907341, 120148, 295594, 293728,   5792,  90900,   9583
           9,    130,      5,      4,8702160, 131514,      2,1141789,      4,    493
        3247, 810586, 298719, 149823,   2802,8665372,     93,    151,    270,   2873
        3175,   1717,   1447, 199586, 313649, 110569,4334030,     22,   1614,   2700
        4975,     33, 207341,   6499,    330,   1073,    411,1625606,    751,  16568
      485817,   1408,    478, 164094,  53687, 144972,   4393,  39888,6907844, 116535
         125,  29219,   4239,    523, 126829, 109627, 996868,    662,   5852,8702118
    Class 0
      Precision: 1.0000
      Recall: 0.9996
      F1: 0.9998
      AUC: 1.0000
      AP: 0.9996
      Confusion Matrix:
       8665470,     18
         3247, 8665372
    Class 1
      Precision: 0.9681
      Recall: 0.9996
      F1: 0.9836
      AUC: 0.9841
      AP: 0.9677
      Confusion Matrix:
       4327024, 142556
         1717, 4334030
    Class 2
      Precision: 0.9996
      Recall: 0.8868
      F1: 0.9398
      AUC: 0.9998
      AP: 0.8864
      Confusion Matrix:
       1623940,    665
       207341, 1625606
    Class 3
      Precision: 0.9870
      Recall: 0.9768
      F1: 0.9819
      AUC: 0.9935
      AP: 0.9641
      Confusion Matrix:
       6907341,  90900
       164094, 6907844
    Class 4
      Precision: 0.9999
      Recall: 0.9856
      F1: 0.9927
      AUC: 1.0000
      AP: 0.9856
      Confusion Matrix:
       8702160,    493
       126829, 8702118
    Epoch 15: Accuracy: 0.8912, Precision: 0.8688, Recall: 0.8912, F1: 0.8780, Cohen's Kappa: 0.8766, MCC: 0.8364
    Confusion Matrix:
     8853224,    101,    270, 978392,  44291,  24499,   2027,  30523,    228,    494
        1279,4420777,  12644,  19684, 315455,  46005,  12012,   2113,  83200,  47309
       15016,   1607,1659126, 158343,   6812,   1853,   1028,    111,  17750,     31
      442079, 105943,    749,7057001,    135,  50771,    335, 205317,  53378,   2831
         247,     30,  28449,  22572,8890709, 998320,     18,    936,  34474,    355
       14892, 689553, 193349,  27629,  12967,8853123,  73972,   1978,  17911,  48562
        5959, 124375, 391352,      1,      7,    577,4427935,  11091,   6629,    583
       14763,  95737,   2508,    664,   1364,   2396,   2703,1660828,  82553,     71
       24236,  31628, 109126, 217602,   3279,  72708, 223728,   6489,7057516, 172804
        7537,    394,   3331,  33100,  10925,   3510, 452528,     33, 574038,8890666
    Class 0
      Precision: 0.9972
      Recall: 0.9983
      F1: 0.9978
      AUC: 0.9986
      AP: 0.9956
      Confusion Matrix:
       8853224,  24499
        14892, 8853123
    Class 1
      Precision: 0.9973
      Recall: 0.9726
      F1: 0.9848
      AUC: 0.9986
      AP: 0.9700
      Confusion Matrix:
       4420777,  12012
       124375, 4427935
    Class 2
      Precision: 0.9999
      Recall: 0.9985
      F1: 0.9992
      AUC: 1.0000
      AP: 0.9984
      Confusion Matrix:
       1659126,    111
         2508, 1660828
    Class 3
      Precision: 0.9925
      Recall: 0.9701
      F1: 0.9812
      AUC: 0.9962
      AP: 0.9628
      Confusion Matrix:
       7057001,  53378
       217602, 7057516
    Class 4
      Precision: 1.0000
      Recall: 0.9988
      F1: 0.9994
      AUC: 1.0000
      AP: 0.9987
      Confusion Matrix:
       8890709,    355
        10925, 8890666
    Epoch 16: Accuracy: 0.8996, Precision: 0.8758, Recall: 0.8996, F1: 0.8832, Cohen's Kappa: 0.8862, MCC: 0.8472
    Confusion Matrix:
     8936670, 249740,   8919, 214327, 271273,  12093,  53068,  31022,  15791, 141146
      479068,4462446,     52,   3893,     16,     87,      7,      1,  13867,   1041
        1090,     12,1674764,    421,      7, 105101,  79089,    422,    744,     27
       31816,  36063, 370719,7123517,  25013,  19190,  15454,  31712, 220465,  44590
        1975,    246, 610521,  36241,8974508,   1126,   1528,  30154,  43336, 276475
       81202, 887122,      1,      3,      5,8936568,    406,   8305,    546,  19778
        3438, 151308, 238298,  93578,    432,  11606,4469670,     17,    114,     48
           7,      7,  30900,    211,  34098,      5,      7,1676482,    251, 121619
        7819,   5464,    421,  68723,   2022, 409357, 297243,   2920,7124036,   1111
       23216,   4355,  12527, 523936,  24293, 277662,  19319,   7339, 108950,8974465
    Class 0
      Precision: 0.9986
      Recall: 0.9910
      F1: 0.9948
      AUC: 0.9993
      AP: 0.9897
      Confusion Matrix:
       8936670,  12093
        81202, 8936568
    Class 1
      Precision: 1.0000
      Recall: 0.9672
      F1: 0.9833
      AUC: 1.0000
      AP: 0.9672
      Confusion Matrix:
       4462446,      7
       151308, 4469670
    Class 2
      Precision: 0.9997
      Recall: 0.9819
      F1: 0.9907
      AUC: 0.9999
      AP: 0.9816
      Confusion Matrix:
       1674764,    422
        30900, 1676482
    Class 3
      Precision: 0.9700
      Recall: 0.9904
      F1: 0.9801
      AUC: 0.9850
      AP: 0.9607
      Confusion Matrix:
       7123517, 220465
        68723, 7124036
    Class 4
      Precision: 0.9701
      Recall: 0.9973
      F1: 0.9835
      AUC: 0.9851
      AP: 0.9675
      Confusion Matrix:
       8974508, 276475
        24293, 8974465
    Epoch 17: Accuracy: 0.9067, Precision: 0.8756, Recall: 0.9067, F1: 0.8868, Cohen's Kappa: 0.8942, MCC: 0.8563
    Confusion Matrix:
     9007202,    180,    454,   1761,   5946,    314, 148934, 110367, 658887,      4
         663,4497665,  70317,  42952,  12064,    575,    316,   3399,   4631, 327896
        5955,  48059,1687982,     13,  70271,  48916,     62,    150,     84,    185
      263024, 201597,   1282,7179739, 173711,  87862,    995,   7405,   2816,    108
       21223,    110,  72931,    121,9045338,    393,  13799, 187073,    153, 634969
       37033,   6478,   8354,   2224,  10250,9007099,  13943, 682978,  77168,  88409
         925,    929, 420713,   1047,   1031,   2528,4504947,  14160,  22181,     48
         276,    332,   4933, 136029,  11788,     91,  19590,1689714,    108,    726
         120, 306546,     80,    584,  48317, 241558,   5234, 136319,7180262,     96
       16453,     15,   3245,  14510, 225935, 569039,     76,   3395,  98099,9045295
    Class 0
      Precision: 1.0000
      Recall: 0.9959
      F1: 0.9979
      AUC: 1.0000
      AP: 0.9959
      Confusion Matrix:
       9007202,    314
        37033, 9007099
    Class 1
      Precision: 0.9999
      Recall: 0.9998
      F1: 0.9999
      AUC: 1.0000
      AP: 0.9997
      Confusion Matrix:
       4497665,    316
          929, 4504947
    Class 2
      Precision: 0.9999
      Recall: 0.9971
      F1: 0.9985
      AUC: 1.0000
      AP: 0.9970
      Confusion Matrix:
       1687982,    150
         4933, 1689714
    Class 3
      Precision: 0.9996
      Recall: 0.9999
      F1: 0.9998
      AUC: 0.9998
      AP: 0.9995
      Confusion Matrix:
       7179739,   2816
          584, 7180262
    Class 4
      Precision: 0.9344
      Recall: 0.9756
      F1: 0.9546
      AUC: 0.9672
      AP: 0.9116
      Confusion Matrix:
       9045338, 634969
       225935, 9045295
    Epoch 18: Accuracy: 0.9021, Precision: 0.8692, Recall: 0.9021, F1: 0.8788, Cohen's Kappa: 0.8890, MCC: 0.8498
    Confusion Matrix:
     8961505,   2419, 524942,  26581,  18516,  86729,  44903,   1330,   7401, 259723
         522,4474847,  14608,    346,   1360,     21,   1695,     43,  31672, 435364
        2569,    308,1679418,    791,    533,  10009,  32588,  11482,     61, 123918
       95155,    825,   2299,7143314, 646395,   3353,    411,    738,   5135,  20914
        1900,    171,  49660,    201,8999448,  35847,   3019, 876213,   2189,   7462
         682,   1323, 199508, 492118,   4041,8961403,   1899,   5393, 267520,     49
      294255,   3053,   4925, 103427,   8679,   3391,4482091,  36326,  27762,   4600
        5166,     13,    642,    768,   4935,   3733,    412,1681141, 164011,   2766
       14339,   1444,   1207,   1791,   4979,   1842,   7675, 506221,7143834, 235784
          23,     19,    612, 101186,   1148,  13433,  79678,     47, 780511,8999405
    Class 0
      Precision: 0.9904
      Recall: 0.9999
      F1: 0.9951
      AUC: 0.9952
      AP: 0.9903
      Confusion Matrix:
       8961505,  86729
          682, 8961403
    Class 1
      Precision: 0.9996
      Recall: 0.9993
      F1: 0.9995
      AUC: 0.9998
      AP: 0.9989
      Confusion Matrix:
       4474847,   1695
         3053, 4482091
    Class 2
      Precision: 0.9932
      Recall: 0.9996
      F1: 0.9964
      AUC: 0.9966
      AP: 0.9928
      Confusion Matrix:
       1679418,  11482
          642, 1681141
    Class 3
      Precision: 0.9993
      Recall: 0.9997
      F1: 0.9995
      AUC: 0.9996
      AP: 0.9990
      Confusion Matrix:
       7143314,   5135
         1791, 7143834
    Class 4
      Precision: 0.9992
      Recall: 0.9999
      F1: 0.9995
      AUC: 0.9996
      AP: 0.9990
      Confusion Matrix:
       8999448,   7462
         1148, 8999405
    Epoch 19: Accuracy: 0.9123, Precision: 0.8860, Recall: 0.9123, F1: 0.8954, Cohen's Kappa: 0.9005, MCC: 0.8647
    Confusion Matrix:
     9062832,    657, 824969,    115,  18103,  22623,   3606,     46,   1077,     21
        6932,4525444,   4716,   1535,    234,   3607, 179928, 160389,    598,  77095
        2295,   5668,1698407,   2977,  49364,    476,  33847,  19216,  44997,   4430
      110523,  33659,  15081,7224083,  13555,  17912,  29092,   4866, 463583,   6185
         515,    386, 298034,   1027,9101205, 161572, 393748,     89,  19494,     40
      612250,   1494,    154,  75933,     47,9062729,  91280,  38640,  46277,   5132
          69, 338676,    677,     70,     56,   6085,4532770,    182,  89861,     63
       80008,    986,    829,  46426,  29743,   3790,    324,1700150,   1326,      5
         117,  40539,    312,   2693,   1541,    210,   6188,    108,7224609, 642799
          40,   1071,  41425, 249267, 556379,  21162,   4575,    753,    229,9101161
    Class 0
      Precision: 0.9975
      Recall: 0.9367
      F1: 0.9662
      AUC: 0.9988
      AP: 0.9344
      Confusion Matrix:
       9062832,  22623
       612250, 9062729
    Class 1
      Precision: 0.9618
      Recall: 0.9304
      F1: 0.9458
      AUC: 0.9809
      AP: 0.8948
      Confusion Matrix:
       4525444, 179928
       338676, 4532770
    Class 2
      Precision: 0.9888
      Recall: 0.9995
      F1: 0.9941
      AUC: 0.9944
      AP: 0.9883
      Confusion Matrix:
       1698407,  19216
          829, 1700150
    Class 3
      Precision: 0.9397
      Recall: 0.9996
      F1: 0.9687
      AUC: 0.9699
      AP: 0.9393
      Confusion Matrix:
       7224083, 463583
         2693, 7224609
    Class 4
      Precision: 1.0000
      Recall: 0.9424
      F1: 0.9703
      AUC: 1.0000
      AP: 0.9424
      Confusion Matrix:
       9101205,     40
       556379, 9101161
    Epoch 20: Accuracy: 0.9108, Precision: 0.8891, Recall: 0.9108, F1: 0.8977, Cohen's Kappa: 0.8988, MCC: 0.8795
    Confusion Matrix:
     9047931,  20780,  11541,  43271,   1387,     22, 138714, 148390, 142732, 379281
          70,4518003,     17,     23,    368,     49,    795, 441062,     86,      5
           2,  41650,1695615,  93828,     19,    662,  25051,    875,    407,   3568
      256258,  94365,    291,7212205,  28246, 122877,  69805,  15020,  17576, 101896
        3239,  11677,   1992, 667149,9086240,  37909,   1431, 165379,    878,    216
        1358,    246,    908,   6939, 703867,9047828,   8396,  30838,   5705, 127851
        1505,     24, 203299,     69, 143623,   4112,4525317,    250,   1809,  88501
         662,   4488,  39488,  15918,  47570,    132,   9149,1697355,  48817,      8
       26501, 116168,   2795,   5347,  95455,   2744, 399999,  54448,7212730,   2929
      112501,    168,    548,   1076, 253355,    717,    636,   7562, 513302,9086197
    Class 0
      Precision: 1.0000
      Recall: 0.9998
      F1: 0.9999
      AUC: 1.0000
      AP: 0.9998
      Confusion Matrix:
       9047931,     22
         1358, 9047828
    Class 1
      Precision: 0.9998
      Recall: 1.0000
      F1: 0.9999
      AUC: 0.9999
      AP: 0.9998
      Confusion Matrix:
       4518003,    795
           24, 4525317
    Class 2
      Precision: 0.9995
      Recall: 0.9772
      F1: 0.9882
      AUC: 0.9997
      AP: 0.9767
      Confusion Matrix:
       1695615,    875
        39488, 1697355
    Class 3
      Precision: 0.9976
      Recall: 0.9993
      F1: 0.9984
      AUC: 0.9988
      AP: 0.9968
      Confusion Matrix:
       7212205,  17576
         5347, 7212730
    Class 4
      Precision: 1.0000
      Recall: 0.9729
      F1: 0.9862
      AUC: 1.0000
      AP: 0.9728
      Confusion Matrix:
       9086240,    216
       253355, 9086197
